1,8090

1,8090

1,8090

1,8090

1,8090

1,8090

1,8090

1,8090

1,8090

1,8090

1,8090

1,8090

1,8090

1,8090

1,8090

1,8090

1,8090

1,8090

1,8090

1,8090

1,8090

1,8090

1,8090

1,8090

1,8090

1,8090

1,8090

1,8090

1,8090

1,8090

1,8090

1,8090

1,8090

1,8090

1,8090

1,8090

1,8090

1,8090

1,8090

1,8090

1,8090

1,8090

1,8090

1,8090

1,8090

1,8090

1,8090

1,8090

1,8090

1,8090

1,8090

1,8090

1,8090

1,8090

1,8090

1,8090

1,8090

1,8090

1,8090

1,8090

1,8090

1,8090

1,8090

1,8090

1,8090

1,8090

1,8090

1,8090

1,8090

1,8090

1,8090

1,8090

1,8090

1,8090

1,8090

1,8090

1,8090

1,8090

1,8090

1,8090

1,8090

1,8090

1,8090

1,8090

1,8090

1,8090

1,8090

1,8090

1,8090

1,8090

1,8090

1,8090

1,8090

1,8090

1,8090

1,8090

1,8090

1,8090

1,8090

1,8090

1,8090

1,8090

1,8090

1,8090

1,8090

1,8090

1,8090

1,8090

1,8090

1,8090

1,8090

1,8090

1,8090

1,8090

1,8090

1,8090

1,8090

1,8090

1,8090

1,8090

1,8090

1,8090

1,8090

1,8090

1,8090

1,8090

1,8090

1,8090

1,8090

1,8090

1,8090

1,8090

1,8090

1,8090

1,8090

1,8090

1,8090

1,8090

1,8090

1,8090

1,8090

1,8090

1,8090

1,8090

1,8090

1,8090

1,8090

1,8090

1,8090

1,8090

1,8090

1,8090

1,8090

1,8090

1,8090

1,8090

1,8090

1,8090

1,8090

1,8090

1,8090

1,8090

1,8090

1,8090

1,8090

1,8090

1,8090

1,8090

1,8090

1,8090

1,8090

1,8090

1,8090

1,8090

1,8090

1,8090

1,8090

1,8090

1,8090

1,8090

1,8090

1,8090

1,8090

1,8090

1,8090

1,8090

1,8090

1,8090

1,8090

1,8090

1,8090

1,8090

1,8090

1,8090

1,8090

1,8090

1,8090

1,8090

1,8090

1,8090

1,8090

1,8090

1,8090

1,8090

1,8090

1,8090

1,8090

1,8090

1,8090

1,8090

1,8090

1,8090

1,8090

1,8090

1,8090

1,8090

1,8090

1,8090

1,8090

1,8090

1,8090

1,8090

1,8090

1,8090

1,8090

1,8090

1,8090

1,8090

1,8090

1,8090

1,8090

1,8090

1,8090

1,8090

1,8090

1,8090

1,8090

1,8090

1,8090

1,8090

1,8090

1,8090

1,8090

1,8090

1,8090

1,8090

1,8090

1,8090

1,8090

1,8090

1,8090

1,8090

1,8090

1,8090

1,8090

1,8090

1,8090

1,8090

1,8090

1,8090

1,8090

1,8090

1,8090

1,8090

1,8090

1,8090

1,8090

1,8090

1,8090

1,8090

1,8090

1,8090

1,8090

1,8090

1,8090

1,8090

1,8090

1,8090

1,8090

1,8090

1,8090

1,8090

1,8090

1,8090

1,8090

1,8090

1,8090

1,8090

1,8090

1,8090

1,8090

1,8090

1,8090

1,8090

1,8090

1,8090

1,8090

1,8090

1,8090

1,8090

1,8090

1,8090

1,8090

1,8090

1,8090

1,8090

1,8090

1,8090

1,8090

1,8090

1,8090

1,8090

1,8090

1,8090

1,8090

1,8090

1,8090

1,8090

1,8090

1,8090

1,8090

1,8090

1,8090

1,8090

1,8090

1,8090

1,8090

1,8090

1,8090

1,8090

1,8090

1,8090

1,8090

1,8090

1,8090

1,8090

1,8090

1,8090

1,8090

1,8090

1,8090

1,8090

1,8090

1,8090

1,8090

1,8090

1,8090

1,8090

1,8090

1,8090

1,8090

1,8090

1,8090

1,8090

1,8090

1,8090

1,8090

1,8090

1,8090

1,8090

1,8090

1,8090

1,8090

1,8090

1,8090

1,8090

1,8090

1,8090

1,8090

1,8090

1,8090

1,8090

1,8090

1,8090

1,8090

1,8090

1,8090

1,8090

1,8090

1,8090

1,8090

1,8090

1,8090

1,8090

1,8090

1,8090

1,8090

1,8090

1,8090

1,8090

1,8090

1,8090

1,8090

1,8090

1,8090

1,8090

1,8090

1,8090

1,8090

1,8090

1,8090

1,8090

1,8090

1,8090

1,8090

1,8090

1,8090

1,8090

1,8090

1,8090

1,8090

1,8090

1,8090

1,8090

1,8090

1,8090

1,8090

1,8090

1,8090

1,8090

1,8090

1,8090

1,8090

1,8090

1,8090

1,8090

1,8090

1,8090

1,8090

1,8090

1,8090

1,8090

1,8090

1,8090

1,8090

1,8090

1,8090

1,8090

1,8090

1,8090

1,8090

1,8090

1,8090

1,8090

1,8090

1,8090

1,8090

1,8090

1,8090

1,8090

1,8090

1,8090

1,8090

1,8090

1,8090

1,8090

1,8090

1,8090

1,8090

1,8090

1,8090

1,8090

1,8090

1,8090

1,8090

1,8090

1,8090

1,8090

1,8090

1,8090

1,8090

1,8090

1,8090

1,8090

1,8090

1,8090

1,8090

1,8090

1,8090

1,8090

1,8090

1,8090

1,8090

1,8090

1,8090

1,8090

1,8090

1,8090

1,8090

1,8090

1,8090

1,8090

1,8090

1,8090

1,8090

1,8090

1,8090

1,8090

1,8090

1,8090

1,8090

1,8090

1,8090

1,8090

1,8090

1,8090

1,8090

1,8090

1,8090

1,8090

1,8090

1,8090

1,8090

1,8090

1,8090

1,8090

1,8090

1,8090

1,8090

1,8090

1,8090

1,8090

1,8090

1,8090

1,8090

1,8090

1,8090

1,8090

1,8090

1,8090

1,8090

1,8090

1,8090

1,8090

1,8090

1,8090

1,8090

1,8090

1,8090

1,8090

1,8090

1,8090

1,8090

1,8090

1,8090

1,8090

1,8090

1,8090

1,8090

1,8090

1,8090

1,8090

1,8090

1,8090

1,8090

1,8090

1,8090

1,8090

1,8090

1,8090

1,8090

1,8090

1,8090

1,8090

1,8090

1,8090

1,8090

1,8090

1,8090

1,8090

1,8090

1,8090

1,8090

1,8090

1,8090

1,8090

1,8090

1,8090

1,8090

1,8090

1,8090

1,8090

1,8090

1,8090

1,8090

1,8090

1,8090

1,8090

1,8090

1,8090

1,8090

1,8090

1,8090

1,8090

1,8090

1,8090

1,8090

1,8090

1,8090

1,8090

1,8090

1,8090

1,8090

1,8090

1,8090

1,8090

1,6775
0,3
1,1312

1,6773
0,7
1,1310

1,6772
0,10
1,1308

1,6770
0,14
1,1306

1,6768
0,18
1,1304

1,6766
0,22
1,1302

1,6765
0,25
1,1300

1,6763
0,28
1,1299

1,6761
0,32
1,1297

1,6759
0,36
1,1295

1,6758
0,39
1,1293

1,6756
0,43
1,1291

1,6754
0,47
1,1289

1,6752
0,51
1,1287

1,6751
0,54
1,1285

1,6749
0,58
1,1283

1,6747
0,61
1,1282

1,6745
0,65
1,1280

1,6744
0,68
1,1278

1,6742
0,72
1,1276

1,6740
0,76
1,1274

1,6738
0,80
1,1272

1,6737
0,83
1,1270

1,6735
0,87
1,1268

1,6733
0,91
1,1266

1,6731
0,94
1,1265

1,6730
0,97
1,1263

1,6728
0,101
1,1261

1,6726
0,105
1,1259

1,6724
0,109
1,1257

1,6723
0,112
1,1255

1,6721
0,116
1,1253

1,6719
0,120
1,1251

1,6717
0,124
1,1249

1,6716
0,126
1,1248

1,6714
0,130
1,1246

1,6712
0,134
1,1244

1,6710
0,138
1,1242

1,6708
0,142
1,1240

1,6707
0,145
1,1238

1,6705
0,149
1,1236

1,6703
0,153
1,1234

1,6701
0,155
1,1234

1,6700
0,154
1,1236

1,6698
0,154
1,1238

1,6696
0,155
1,1239

1,6694
0,155
1,1241

1,6693
0,154
1,1243

1,6691
0,154
1,1245

1,6689
0,154
1,1247

1,6687
0,155
1,1248

1,6686
0,154
1,1250

1,6684
0,154
1,1252

1,6682
0,154
1,1254

1,6680
0,155
1,1255

1,6679
0,154
1,1257

1,6677
0,154
1,1259

1,6675
0,154
1,1261

1,6673
0,155
1,1262

1,6672
0,154
1,1264

1,6670
0,154
1,1266

1,6668
0,154
1,1268

1,6666
0,155
1,1269

1,6665
0,154
1,1271

1,6663
0,154
1,1273

1,6661
0,154
1,1275

1,6659
0,155
1,1276

1,6657
0,155
1,1278

1,6656
0,154
1,1280

1,6654
0,154
1,1282

1,6652
0,155
1,1283

1,6651
0,154
1,1285

1,6649
0,154
1,1287

1,6647
0,154
1,1289

1,6645
0,154
1,1291

1,6643
0,155
1,1292

1,6642
0,154
1,1294

1,6640
0,154
1,1296

1,6638
0,154
1,1298

1,6636
0,155
1,1299

1,6635
0,154
1,1301

1,6633
0,154
1,1303

1,6631
0,154
1,1305

1,6629
0,155
1,1306

1,6628
0,154
1,1308

1,6626
0,154
1,1310

1,6624
0,154
1,1312

1,6622
0,155
1,1313

1,6621
0,154
1,1315

1,6619
0,154
1,1317

1,6617
0,154
1,1319

1,6615
0,155
1,1320

1,6614
0,154
1,1322

1,6612
0,154
1,1324

1,6610
0,154
1,1326

1,6608
0,155
1,1327

1,6607
0,154
1,1329

1,6605
0,154
1,1331

1,6603
0,154
1,1333

1,6601
0,154
1,1335

1,6600
0,154
1,1336

1,6598
0,154
1,1338

1,6596
0,154
1,1340

1,6594
0,154
1,1342

1,6592
0,155
1,1343

1,6591
0,154
1,1345

1,6589
0,154
1,1347

1,6587
0,154
1,1349

1,6586
0,154
1,1350

1,6584
0,154
1,1352

1,6582
0,154
1,1354

1,6580
0,154
1,1356

1,6578
0,155
1,1357

1,6577
0,154
1,1359

1,6575
0,154
1,1361

1,6573
0,154
1,1363

1,6571
0,155
1,1364

1,6570
0,154
1,1366

1,6568
0,154
1,1368

1,6566
0,154
1,1370

1,6564
0,155
1,1371

1,6563
0,154
1,1373

1,6561
0,154
1,1375

1,6559
0,154
1,1377

1,6557
0,154
1,1379

1,6556
0,154
1,1380

1,6554
0,154
1,1382

1,6552
0,154
1,1384

1,6550
0,155
1,1385

1,6549
0,154
1,1387

1,6547
0,154
1,1389

1,6545
0,154
1,1391

1,6543
0,154
1,1393

1,6542
0,154
1,1394

1,6540
0,154
1,1396

1,6538
0,154
1,1398

1,6536
0,154
1,1400

1,6535
0,154
1,1401

1,6533
0,154
1,1403

1,6531
0,154
1,1405

1,6529
0,154
1,1407

1,6527
0,155
1,1408

1,6526
0,154
1,1410

1,6524
0,154
1,1412

1,6522
0,154
1,1414

1,6521
0,154
1,1415

1,6519
0,154
1,1417

1,6517
0,154
1,1419

1,6515
0,154
1,1421

1,6513
0,154
1,1423

1,6512
0,154
1,1424

1,6510
0,154
1,1426

1,6508
0,154
1,1428

1,6506
0,155
1,1429

1,6505
0,154
1,1431

1,6503
0,154
1,1433

1,6501
0,154
1,1435

1,6499
0,154
1,1437

1,6498
0,154
1,1438

1,6496
0,154
1,1440

1,6494
0,154
1,1442

1,6492
0,154
1,1444

1,6491
0,154
1,1445

1,6489
0,154
1,1447

1,6487
0,154
1,1449

1,6485
0,154
1,1451

1,6484
0,154
1,1452

1,6482
0,154
1,1454

1,6480
0,154
1,1456

1,6478
0,154
1,1458

1,6477
0,154
1,1459

1,6475
0,154
1,1461

1,6473
0,154
1,1463

1,6471
0,154
1,1465

1,6470
0,153
1,1467

1,6468
0,154
1,1468

1,6466
0,154
1,1470

1,6464
0,154
1,1472

1,6462
0,155
1,1473

1,6461
0,154
1,1475

1,6459
0,154
1,1477

1,6457
0,154
1,1479

1,6456
0,153
1,1481

1,6454
0,154
1,1482

1,6452
0,154
1,1484

1,6450
0,154
1,1486

1,6448
0,154
1,1488

1,6447
0,154
1,1489

1,6445
0,154
1,1491

1,6443
0,154
1,1493

1,6441
0,154
1,1495

1,6440
0,154
1,1496

1,6438
0,154
1,1498

1,6436
0,154
1,1500

1,6434
0,154
1,1502

1,6433
0,154
1,1503

1,6431
0,154
1,1505

1,6429
0,154
1,1507

1,6427
0,154
1,1509

1,6426
0,153
1,1511

1,6424
0,154
1,1512

1,6422
0,154
1,1514

1,6420
0,154
1,1516

1,6419
0,154
1,1517

1,6417
0,154
1,1519

1,6415
0,154
1,1521

1,6413
0,154
1,1523

1,6412
0,153
1,1525

1,6410
0,154
1,1526

1,6408
0,154
1,1528

1,6406
0,154
1,1530

1,6405
0,153
1,1532

1,6403
0,154
1,1533

1,6401
0,154
1,1535

1,6399
0,154
1,1537

1,6397
0,154
1,1539

1,6396
0,154
1,1540

1,6394
0,154
1,1542

1,6392
0,154
1,1544

1,6391
0,153
1,1546

1,6389
0,154
1,1547

1,6387
0,154
1,1549

1,6385
0,154
1,1551

1,6383
0,154
1,1553

1,6382
0,154
1,1554

1,6380
0,154
1,1556

1,6378
0,154
1,1558

1,6376
0,154
1,1560

1,6375
0,154
1,1561

1,6373
0,154
1,1563

1,6371
0,154
1,1565

1,6369
0,154
1,1567

1,6368
0,154
1,1568

1,6366
0,154
1,1570

1,6364
0,154
1,1572

1,6362
0,154
1,1574

1,6361
0,153
1,1576

1,6359
0,154
1,1577

1,6357
0,154
1,1579

1,6355
0,154
1,1581

1,6354
0,154
1,1582

1,6352
0,154
1,1584

1,6350
0,154
1,1586

1,6348
0,154
1,1588

1,6347
0,153
1,1590

1,6345
0,154
1,1591

1,6343
0,154
1,1593

1,6341
0,154
1,1595

1,6340
0,153
1,1597

1,6338
0,154
1,1598

1,6336
0,154
1,1600

1,6334
0,154
1,1602

1,6332
0,154
1,1604

1,6331
0,154
1,1605

1,6329
0,154
1,1607

1,6327
0,154
1,1609

1,6326
0,153
1,1611

1,6324
0,154
1,1612

1,6322
0,154
1,1614

1,6320
0,154
1,1616

1,6318
0,154
1,1618

1,6317
0,153
1,1620

1,6315
0,154
1,1621

1,6313
0,154
1,1623

1,6311
0,154
1,1625

1,6310
0,154
1,1626

1,6308
0,154
1,1628

1,6306
0,154
1,1630

1,6304
0,154
1,1632

1,6303
0,153
1,1634

1,6301
0,154
1,1635

1,6299
0,154
1,1637

1,6297
0,154
1,1639

1,6296
0,153
1,1641

1,6294
0,154
1,1642

1,6292
0,154
1,1644

1,6290
0,154
1,1646

1,6289
0,153
1,1648

1,6287
0,154
1,1649

1,6285
0,154
1,1651

1,6283
0,154
1,1653

1,6282
0,153
1,1655

1,6280
0,154
1,1656

1,6278
0,154
1,1658

1,6276
0,154
1,1660

1,6275
0,153
1,1662

1,6273
0,153
1,1664

1,6271
0,154
1,1665

1,6269
0,154
1,1667

1,6267
0,154
1,1669

1,6266
0,154
1,1670

1,6264
0,154
1,1672

1,6262
0,154
1,1674

1,6260
0,154
1,1676

1,6259
0,153
1,1678

1,6257
0,154
1,1679

1,6255
0,154
1,1681

1,6253
0,154
1,1683

1,6252
0,153
1,1685

1,6250
0,154
1,1686

1,6248
0,154
1,1688

1,6246
0,154
1,1690

1,6245
0,153
1,1692

1,6243
0,154
1,1693

1,6241
0,154
1,1695

1,6239
0,154
1,1697

1,6238
0,153
1,1699

1,6236
0,154
1,1700

1,6234
0,154
1,1702

1,6232
0,154
1,1704

1,6231
0,153
1,1706

1,6229
0,153
1,1708

1,6227
0,154
1,1709

1,6225
0,154
1,1711

1,6224
0,153
1,1713

1,6222
0,154
1,1714

1,6220
0,154
1,1716

1,6218
0,154
1,1718

1,6217
0,153
1,1720

1,6215
0,153
1,1722

1,6213
0,154
1,1723

1,6211
0,154
1,1725

1,6210
0,153
1,1727

1,6208
0,153
1,1729

1,6206
0,154
1,1730

1,6204
0,154
1,1732

1,6202
0,154
1,1734

1,6201
0,153
1,1736

1,6199
0,154
1,1737

1,6197
0,154
1,1739

1,6195
0,154
1,1741

1,6194
0,153
1,1743

1,6192
0,154
1,1744

1,6190
0,154
1,1746

1,6188
0,154
1,1748

1,6187
0,153
1,1750

1,6185
0,154
1,1751

1,6183
0,154
1,1753

1,6181
0,154
1,1755

1,6180
0,153
1,1757

1,6178
0,154
1,1758

1,6176
0,154
1,1760

1,6174
0,154
1,1762

1,6173
0,153
1,1764

1,6171
0,153
1,1766

1,6169
0,154
1,1767

1,6167
0,154
1,1769

1,6166
0,153
1,1771

1,6164
0,153
1,1773

1,6162
0,154
1,1774

1,6160
0,154
1,1776

1,6159
0,153
1,1778

1,6157
0,153
1,1780

1,6155
0,154
1,1781

1,6153
0,154
1,1783

1,6152
0,153
1,1785

1,6150
0,153
1,1787

1,6148
0,154
1,1788

1,6146
0,154
1,1790

1,6145
0,153
1,1792

1,6143
0,153
1,1794

1,6141
0,154
1,1795

1,6139
0,154
1,1797

1,6137
0,154
1,1799

1,6136
0,153
1,1801

1,6134
0,154
1,1802

1,6132
0,154
1,1804

1,6130
0,154
1,1806

1,6129
0,153
1,1808

1,6127
0,153
1,1810

1,6125
0,154
1,1811

1,6123
0,154
1,1813

1,6122
0,153
1,1815

1,6120
0,153
1,1817

1,6118
0,154
1,1818

1,6116
0,154
1,1820

1,6115
0,153
1,1822

1,6113
0,153
1,1824

1,6111
0,154
1,1825

1,6109
0,154
1,1827

1,6108
0,153
1,1829

1,6106
0,153
1,1831

1,6104
0,154
1,1832

1,6102
0,154
1,1834

1,6101
0,153
1,1836

1,6099
0,153
1,1838

1,6097
0,154
1,1839

1,6095
0,154
1,1841

1,6094
0,153
1,1843

1,6092
0,153
1,1845

1,6090
0,154
1,1846

1,6088
0,154
1,1848

1,6087
0,153
1,1850

1,6085
0,153
1,1852

1,6083
0,153
1,1854

1,6081
0,154
1,1855

1,6080
0,153
1,1857

1,6078
0,153
1,1859

1,6076
0,153
1,1861

1,6074
0,154
1,1862

1,6072
0,154
1,1864

1,6071
0,153
1,1866

1,6069
0,154
1,1867

1,6067
0,154
1,1869

1,6065
0,154
1,1871

1,6064
0,153
1,1873

1,6062
0,153
1,1875

1,6060
0,154
1,1876

1,6058
0,154
1,1878

1,6057
0,153
1,1880

1,6055
0,153
1,1882

1,6053
0,154
1,1883

1,6051
0,154
1,1885

1,6050
0,153
1,1887

1,6048
0,153
1,1889

1,6046
0,154
1,1890

1,6044
0,154
1,1892

1,6043
0,153
1,1894

1,6041
0,153
1,1896

1,6039
0,154
1,1897

1,6037
0,154
1,1899

1,6036
0,153
1,1901

1,6034
0,153
1,1903

1,6032
0,153
1,1905

1,6030
0,154
1,1906

1,6029
0,153
1,1908

1,6027
0,153
1,1910

1,6025
0,154
1,1911

1,6023
0,154
1,1913

1,6022
0,153
1,1915

1,6020
0,153
1,1917

1,6018
0,153
1,1919

1,6016
0,154
1,1920

1,6015
0,153
1,1922

1,6013
0,153
1,1924

1,6011
0,153
1,1926

1,6009
0,154
1,1927

1,6007
0,154
1,1929

1,6006
0,153
1,1931

1,6004
0,153
1,1933

1,6002
0,154
1,1934

1,6000
0,154
1,1936

1,5999
0,153
1,1938

1,5997
0,153
1,1940

1,5995
0,154
1,1941

1,5993
0,154
1,1943

1,5992
0,153
1,1945

1,5990
0,153
1,1947

1,5988
0,154
1,1948

1,5986
0,154
1,1950

1,5985
0,153
1,1952

1,5983
0,153
1,1954

1,5981
0,154
1,1955

1,5979
0,154
1,1957

1,5978
0,153
1,1959

1,5976
0,153
1,1961

1,5974
0,153
1,1963

1,5972
0,154
1,1964

1,5971
0,153
1,1966

1,5969
0,153
1,1968

1,5967
0,153
1,1970

1,5965
0,154
1,1971

1,5964
0,153
1,1973

1,5962
0,153
1,1975

1,5960
0,153
1,1977

1,5958
0,154
1,1978

1,5956
0,154
1,1980

1,5955
0,153
1,1982

1,5953
0,153
1,1984

1,5951
0,154
1,1985

1,5950
0,153
1,1987

1,5948
0,153
1,1989

1,5946
0,153
1,1991

1,5944
0,154
1,1992

1,5942
0,154
1,1994

1,5941
0,153
1,1996

1,5939
0,153
1,1998

1,5937
0,154
1,1999

1,5935
0,154
1,2001

1,5934
0,153
1,2003

1,5932
0,153
1,2005

1,5930
0,153
1,2007

1,5928
0,154
1,2008

1,5927
0,153
1,2010

1,5925
0,153
1,2012

1,5923
0,153
1,2014

1,5921
0,154
1,2015

1,5920
0,153
1,2017

1,5918
0,153
1,2019

1,5916
0,153
1,2021

1,5914
0,154
1,2022

1,5913
0,153
1,2024

1,5911
0,153
1,2026

1,5909
0,153
1,2028

1,5907
0,154
1,2029

1,5906
0,153
1,2031

1,5904
0,153
1,2033

1,5902
0,153
1,2035

1,5900
0,154
1,2036

1,5899
0,153
1,2038

1,5897
0,153
1,2040

1,5895
0,153
1,2042

1,5893
0,154
1,2043

1,5891
0,154
1,2045

1,5890
0,153
1,2047

1,5888
0,153
1,2049

1,5886
0,153
1,2051

1,5885
0,153
1,2052

1,5883
0,153
1,2054

1,5881
0,153
1,2056

1,5879
0,153
1,2058

1,5877
0,154
1,2059

1,5876
0,153
1,2061

1,5874
0,153
1,2063

1,5872
0,153
1,2065

1,5870
0,154
1,2066

1,5869
0,153
1,2068

1,5867
0,153
1,2070

1,5865
0,153
1,2072

1,5863
0,154
1,2073

1,5862
0,153
1,2075

1,5860
0,153
1,2077

1,5858
0,153
1,2079

1,5856
0,154
1,2080

1,5855
0,153
1,2082

1,5853
0,153
1,2084

1,5851
0,153
1,2086

1,5849
0,154
1,2087

1,5848
0,153
1,2089

1,5846
0,153
1,2091

1,5844
0,153
1,2093

1,5842
0,153
1,2095

1,5841
0,153
1,2096

1,5839
0,153
1,2098

1,5837
0,153
1,2100

1,5835
0,154
1,2101

1,5834
0,153
1,2103

1,5832
0,153
1,2105

1,5830
0,153
1,2107

1,5828
0,153
1,2109

1,5826
0,154
1,2110

1,5825
0,153
1,2112

1,5823
0,153
1,2114

1,5821
0,153
1,2116

1,5820
0,153
1,2117

1,5818
0,153
1,2119

1,5816
0,153
1,2121

1,5814
0,153
1,2123

1,5812
0,154
1,2124

1,5811
0,153
1,2126

1,5809
0,153
1,2128

1,5807
0,153
1,2130

1,5805
0,154
1,2131

1,5804
0,153
1,2133

1,5802
0,153
1,2135

1,5800
0,153
1,2137

1,5798
0,153
1,2139

1,5797
0,153
1,2140

1,5795
0,153
1,2142

1,5793
0,153
1,2144

1,5791
0,154
1,2145

1,5790
0,153
1,2147

1,5788
0,153
1,2149

1,5786
0,153
1,2151

1,5784
0,153
1,2153

1,5783
0,153
1,2154

1,5781
0,153
1,2156

1,5779
0,153
1,2158

1,5777
0,153
1,2160

1,5776
0,153
1,2161

1,5774
0,153
1,2163

1,5772
0,153
1,2165

1,5770
0,153
1,2167

1,5769
0,153
1,2168

1,5767
0,153
1,2170

1,5765
0,153
1,2172

1,5763
0,153
1,2174

1,5761
0,154
1,2175

1,5760
0,153
1,2177

1,5758
0,153
1,2179

1,5756
0,153
1,2181

1,5755
0,153
1,2182

1,5753
0,153
1,2184

1,5751
0,153
1,2186

1,5749
0,153
1,2188

1,5747
0,154
1,2189

1,5746
0,153
1,2191

1,5744
0,153
1,2193

1,5742
0,153
1,2195

1,5740
0,154
1,2196

1,5739
0,153
1,2198

1,5737
0,153
1,2200

1,5735
0,153
1,2202

1,5733
0,153
1,2204

1,5732
0,153
1,2205

1,5730
0,153
1,2207

1,5728
0,153
1,2209

1,5726
0,153
1,2211

1,5725
0,153
1,2212

1,5723
0,153
1,2214

1,5721
0,153
1,2216

1,5719
0,153
1,2218

1,5717
0,154
1,2219

1,5716
0,153
1,2221

1,5714
0,153
1,2223

1,5712
0,153
1,2225

1,5711
0,153
1,2226

1,5709
0,153
1,2228

1,5707
0,153
1,2230

1,5705
0,153
1,2232

1,5704
0,153
1,2233

1,5702
0,153
1,2235

1,5700
0,153
1,2237

1,5698
0,153
1,2239

1,5696
0,154
1,2240

1,5695
0,153
1,2242

1,5693
0,153
1,2244

1,5691
0,153
1,2246

1,5690
0,152
1,2248

1,5688
0,153
1,2249

1,5686
0,153
1,2251

1,5684
0,153
1,2253

1,5682
0,153
1,2255

1,5681
0,153
1,2256

1,5679
0,153
1,2258

1,5677
0,153
1,2260

1,5675
0,153
1,2262

1,5674
0,153
1,2263

1,5672
0,153
1,2265

1,5670
0,153
1,2267

1,5668
0,153
1,2269

1,5667
0,153
1,2270

1,5665
0,153
1,2272

1,5663
0,153
1,2274

1,5661
0,153
1,2276

1,5660
0,153
1,2277

1,5658
0,153
1,2279

1,5656
0,153
1,2281

1,5654
0,153
1,2283

1,5652
0,154
1,2284

1,5651
0,153
1,2286

1,5649
0,153
1,2288

1,5647
0,153
1,2290

1,5646
0,152
1,2292

1,5644
0,153
1,2293

1,5642
0,153
1,2295

1,5640
0,153
1,2297

1,5639
0,153
1,2298

1,5637
0,153
1,2300

1,5635
0,153
1,2302

1,5633
0,153
1,2304

1,5631
0,153
1,2306

1,5630
0,153
1,2307

1,5628
0,153
1,2309

1,5626
0,153
1,2311

1,5625
0,152
1,2313

1,5623
0,153
1,2314

1,5621
0,153
1,2316

1,5619
0,153
1,2318

1,5617
0,153
1,2320

1,5616
0,153
1,2321

1,5614
0,153
1,2323

1,5612
0,153
1,2325

1,5610
0,153
1,2327

1,5609
0,153
1,2328

1,5607
0,153
1,2330

1,5605
0,153
1,2332

1,5603
0,153
1,2334

1,5602
0,152
1,2336

1,5600
0,153
1,2337

1,5598
0,153
1,2339

1,5596
0,153
1,2341

1,5595
0,153
1,2342

1,5593
0,153
1,2344

1,5591
0,153
1,2346

1,5589
0,153
1,2348

1,5587
0,153
1,2350

1,5586
0,153
1,2351

1,5584
0,153
1,2353

1,5582
0,153
1,2355

1,5581
0,152
1,2357

1,5579
0,153
1,2358

1,5577
0,153
1,2360

1,5575
0,153
1,2362

1,5574
0,152
1,2364

1,5572
0,153
1,2365

1,5570
0,153
1,2367

1,5568
0,153
1,2369

1,5566
0,153
1,2371

1,5565
0,153
1,2372

1,5563
0,153
1,2374

1,5561
0,153
1,2376

1,5559
0,153
1,2378

1,5558
0,152
1,2380

1,5556
0,153
1,2381

1,5554
0,153
1,2383

1,5552
0,153
1,2385

1,5551
0,153
1,2386

1,5549
0,153
1,2388

1,5547
0,153
1,2390

1,5545
0,153
1,2392

1,5544
0,152
1,2394

1,5542
0,153
1,2395

1,5540
0,153
1,2397

1,5538
0,153
1,2399

1,5537
0,152
1,2401

1,5535
0,153
1,2402

1,1248
0,2
1,4283
0,153
1,2404

1,1245
0,6
1,4280
0,153
1,2406

1,1243
0,9
1,4278
0,152
1,2408

1,1240
0,13
1,4275
0,153
1,2409

1,1237
0,17
1,4272
0,153
1,2411

1,1235
0,20
1,4269
0,153
1,2413

1,1232
0,24
1,4267
0,152
1,2415

1,1230
0,27
1,4264
0,153
1,2416

1,1227
0,31
1,4261
0,153
1,2418

1,1225
0,34
1,4258
0,153
1,2420

1,1222
0,38
1,4256
0,152
1,2422

1,1219
0,42
1,4253
0,152
1,2424

1,1217
0,45
1,4250
0,153
1,2425

1,1214
0,48
1,4248
0,153
1,2427

1,1212
0,51
1,4246
0,152
1,2429

1,1209
0,55
1,4243
0,153
1,2430

1,1207
0,56
1,4242
0,153
1,2432

1,1204
0,59
1,4240
0,153
1,2434

1,1201
0,62
1,4238
0,153
1,2436

1,1199
0,64
1,4237
0,152
1,2438

1,1196
0,67
1,4235
0,153
1,2439

1,1194
0,69
1,4233
0,153
1,2441

1,1191
0,71
1,4232
0,153
1,2443

1,1188
0,74
1,4231
0,152
1,2445

1,1186
0,76
1,4229
0,153
1,2446

1,1183
0,79
1,4227
0,153
1,2448

1,1181
0,81
1,4225
0,153
1,2450

1,1178
0,83
1,4225
0,153
1,2451

1,1176
0,85
1,4223
0,153
1,2453

1,1173
0,88
1,4221
0,153
1,2455

1,1171
0,90
1,4219
0,153
1,2457

1,1168
0,93
1,4218
0,152
1,2459

1,1165
0,96
1,4216
0,153
1,2460

1,1163
0,99
1,4213
0,153
1,2462

1,1160
0,103
1,4210
0,153
1,2464

1,1157
0,107
1,4208
0,152
1,2466

1,1155
0,110
1,4205
0,153
1,2467

1,1152
0,114
1,4202
0,153
1,2469

1,1150
0,117
1,4199
0,153
1,2471

1,1147
0,121
1,4197
0,152
1,2473

1,1145
0,125
1,4193
0,153
1,2474

1,1142
0,129
1,4190
0,153
1,2476

1,1139
0,133
1,4187
0,153
1,2478

1,1137
0,136
1,4185
0,152
1,2480

1,1134
0,140
1,4182
0,153
1,2481

1,1132
0,143
1,4179
0,153
1,2483

1,1129
0,147
1,111
0,1
1,4064
0,153
1,2485

1,1127
0,150
1,109
0,4
1,4061
0,152
1,2487

1,1124
0,154
1,107
0,6
1,4058
0,152
1,2489

1,1121
0,158
1,104
0,10
1,4054
0,153
1,2490

1,1119
0,161
1,102
0,12
1,4051
0,153
1,2492

1,1116
0,165
1,100
0,15
1,4048
0,152
1,2494

1,1114
0,168
1,98
0,18
1,4044
0,153
1,2495

1,1111
0,172
1,96
0,20
1,4041
0,153
1,2497

1,1108
0,176
1,94
0,23
1,4037
0,153
1,2499

1,1106
0,213
1,58
0,25
1,4034
0,153
1,2501

1,1103
0,301
1,4031
0,152
1,2503

1,1101
0,304
1,4028
0,153
1,2504

1,1098
0,309
1,4024
0,153
1,2506

1,1096
0,312
1,4021
0,153
1,2508

1,1093
0,317
1,4018
0,152
1,2510

1,1090
0,321
1,4015
0,153
1,2511

1,1088
0,325
1,4011
0,153
1,2513

1,1085
0,329
1,4008
0,153
1,2515

1,1083
0,333
1,4005
0,152
1,2517

1,1080
0,337
1,4002
0,153
1,2518

1,1077
0,342
1,3998
0,153
1,2520

1,1075
0,345
1,3995
0,153
1,2522

1,1072
0,350
1,3992
0,152
1,2524

1,1070
0,353
1,3989
0,153
1,2525

1,1067
0,358
1,3985
0,153
1,2527

1,1065
0,362
1,3981
0,153
1,2529

1,1062
0,366
1,3979
0,152
1,2531

1,1059
0,371
1,3975
0,152
1,2533

1,1057
0,374
1,3972
0,153
1,2534

1,1054
0,379
1,3968
0,153
1,2536

1,1052
0,382
1,3966
0,152
1,2538

1,1049
0,385
1,3964
0,153
1,2539

1,1047
0,386
1,3963
0,153
1,2541

1,1044
0,387
1,3963
0,153
1,2543

1,1041
0,389
1,3963
0,152
1,2545

1,1039
0,389
1,3963
0,152
1,2547

1,1036
0,391
1,3962
0,153
1,2548

1,1034
0,392
1,3961
0,153
1,2550

1,1031
0,393
1,3962
0,152
1,2552

1,1028
0,395
1,3961
0,152
1,2554

1,1026
0,396
1,3960
0,153
1,2555

1,1023
0,397
1,3960
0,153
1,2557

1,1021
0,398
1,3960
0,152
1,2559

1,1018
0,400
1,3959
0,152
1,2561

1,1016
0,400
1,3959
0,153
1,2562

1,1013
0,402
1,1433
0,3
1,2522
0,153
1,2564

1,1010
0,403
1,1433
0,8
1,2517
0,153
1,2566

1,1008
0,404
1,1432
0,12
1,2514
0,152
1,2568

1,1005
0,406
1,1431
0,17
1,2509
0,153
1,2569

1,1003
0,406
1,1431
0,22
1,2504
0,153
1,2571

1,1000
0,408
1,1431
0,25
1,2500
0,153
1,2573

1,997
0,410
1,1430
0,30
1,2496
0,152
1,2575

1,995
0,410
1,1430
0,34
1,2492
0,152
1,2577

1,992
0,412
1,1429
0,39
1,2487
0,153
1,2578

1,990
0,412
1,1430
0,42
1,2483
0,153
1,2580

1,987
0,414
1,1429
0,47
1,2479
0,152
1,2582

1,985
0,415
1,1428
0,52
1,2474
0,153
1,2583

1,982
0,416
1,1428
0,56
1,2470
0,153
1,2585

1,979
0,418
1,1427
0,61
1,2465
0,153
1,2587

1,977
0,419
1,1427
0,65
1,2461
0,152
1,2589

1,974
0,420
1,1427
0,69
1,2457
0,152
1,2591

1,972
0,421
1,1426
0,74
1,2452
0,153
1,2592

1,969
0,423
1,1425
0,78
1,2448
0,153
1,2594

1,966
0,424
1,1426
0,82
1,2444
0,152
1,2596

1,964
0,425
1,1425
0,86
1,2440
0,152
1,2598

1,961
0,426
1,1425
0,91
1,2435
0,153
1,2599

1,959
0,427
1,1424
0,96
1,2430
0,153
1,2601

1,956
0,429
1,1423
0,100
1,2427
0,152
1,2603

1,954
0,429
1,1424
0,104
1,2422
0,152
1,2605

1,951
0,431
1,1423
0,108
1,2418
0,153
1,2606

1,948
0,433
1,1422
0,113
1,2413
0,153
1,2608

1,946
0,433
1,1422
0,117
1,2410
0,152
1,2610

1,943
0,435
1,1421
0,122
1,2405
0,152
1,2612

1,941
0,436
1,1421
0,126
1,2400
0,153
1,2613

1,938
0,437
1,1421
0,130
1,2396
0,153
1,2615

1,936
0,438
1,1420
0,135
1,2391
0,153
1,2617

1,933
0,439
1,1420
0,140
1,2387
0,152
1,2619

1,930
0,441
1,1419
0,144
1,2383
0,152
1,2621

1,928
0,442
1,1419
0,148
1,2378
0,153
1,2622

1,925
0,443
1,1419
0,152
1,2375
0,152
1,2624

1,923
0,444
1,1418
0,157
1,2370
0,152
1,2626

1,920
0,446
1,1418
0,160
1,2366
0,153
1,2627

1,917
0,447
1,1423
0,160
1,2361
0,153
1,2629

1,915
0,448
1,1426
0,161
1,2356
0,153
1,2631

1,912
0,449
1,1431
0,160
1,2353
0,152
1,2633

1,910
0,450
1,44
0,2
1,1389
0,160
1,2348
0,152
1,2635

1,907
0,452
1,41
0,6
1,1392
0,159
1,2344
0,153
1,2636

1,905
0,452
1,40
0,10
1,1394
0,159
1,2339
0,153
1,2638

1,877
0,6
1,19
0,454
1,37
0,15
1,1395
0,160
1,2335
0,152
1,2640

1,874
0,14
1,11
0,456
1,35
0,19
1,1397
0,159
1,2331
0,152
1,2642

1,872
0,21
1,4
0,456
1,33
0,24
1,1399
0,159
1,2326
0,153
1,2643

1,869
0,483
1,31
0,28
1,1401
0,158
1,2322
0,153
1,2645

1,867
0,484
1,28
0,33
1,1403
0,158
1,2318
0,152
1,2647

1,865
0,484
1,26
0,38
1,1405
0,158
1,2313
0,152
1,2649

1,862
0,486
1,24
0,42
1,1406
0,158
1,2309
0,153
1,2650

1,860
0,486
1,24
0,45
1,1408
0,158
1,2304
0,153
1,2652

1,857
0,488
1,25
0,46
1,1410
0,157
1,2301
0,152
1,2654

1,855
0,489
1,26
0,47
1,1412
0,157
1,2296
0,152
1,2656

1,852
0,490
1,28
0,48
1,1414
0,156
1,2292
0,153
1,2657

1,850
0,491
1,29
0,49
1,1415
0,157
1,2287
0,153
1,2659

1,847
0,493
1,30
0,50
1,1417
0,157
1,2283
0,152
1,2661

1,845
0,493
1,32
0,51
1,1419
0,156
1,2279
0,152
1,2663

1,842
0,495
1,32
0,53
1,1421
0,156
1,2274
0,153
1,2664

1,840
0,496
1,33
0,54
1,1423
0,155
1,2270
0,153
1,2666

1,838
0,496
1,35
0,55
1,1424
0,156
1,2266
0,152
1,2668

1,835
0,498
1,36
0,56
1,1426
0,156
1,2261
0,152
1,2670

1,833
0,498
1,38
0,57
1,1428
0,155
1,2257
0,153
1,2671

1,830
0,500
1,39
0,58
1,1430
0,155
1,2252
0,153
1,2673

1,828
0,501
1,40
0,59
1,1432
0,154
1,2249
0,152
1,2675

1,825
0,502
1,42
0,60
1,1433
0,155
1,2244
0,152
1,2677

1,823
0,503
1,43
0,61
1,1435
0,155
1,2239
0,152
1,2679

1,820
0,505
1,44
0,62
1,1437
0,154
1,2235
0,153
1,2680

1,818
0,505
1,46
0,63
1,1439
0,154
1,2230
0,153
1,2682

1,815
0,507
1,47
0,64
1,1441
0,153
1,2227
0,152
1,2684

1,813
0,507
1,49
0,65
1,1442
0,154
1,2222
0,152
1,2686

1,810
0,509
1,50
0,65
1,1445
0,153
1,2218
0,153
1,2687

1,808
0,510
1,51
0,66
1,1447
0,153
1,2214
0,152
1,2689

1,805
0,511
1,53
0,67
1,1449
0,153
1,2209
0,152
1,2691

1,803
0,512
1,54
0,68
1,1451
0,152
1,2205
0,152
1,2693

1,800
0,514
1,55
0,69
1,1452
0,153
1,2200
0,153
1,2694

1,798
0,514
1,57
0,70
1,1454
0,152
1,2196
0,153
1,2696

1,796
0,515
1,58
0,71
1,1456
0,152
1,2192
0,152
1,2698

1,793
0,517
1,59
0,72
1,1458
0,152
1,2187
0,152
1,2700

1,791
0,517
1,61
0,73
1,1460
0,151
1,2183
0,153
1,2701

1,788
0,519
1,62
0,74
1,1461
0,152
1,226
0,5
1,1947
0,153
1,2703

1,786
0,521
1,62
0,75
1,1463
0,151
1,223
0,8
1,1944
0,152
1,2705

1,783
0,525
1,61
0,76
1,1465
0,151
1,218
0,13
1,1939
0,152
1,2707

1,781
0,528
1,60
0,77
1,1467
0,151
1,214
0,16
1,1935
0,153
1,2708

1,778
0,532
1,57
0,80
1,1469
0,150
1,210
0,21
1,1930
0,153
1,2710

1,776
0,535
1,53
0,84
1,1471
0,150
1,206
0,24
1,1927
0,152
1,2712

1,773
0,539
1,45
0,92
1,1472
0,150
1,202
0,29
1,1922
0,152
1,2714

1,771
0,542
1,37
0,100
1,1474
0,150
1,198
0,32
1,1918
0,153
1,2715

1,770
0,544
1,30
0,107
1,1476
0,150
1,193
0,37
1,1913
0,153
1,2717

1,770
0,544
1,23
0,115
1,1478
0,149
1,190
0,40
1,1910
0,152
1,2719

1,770
0,545
1,15
0,123
1,1479
0,150
1,185
0,45
1,1905
0,152
1,2721

1,770
0,546
1,7
0,131
1,1481
0,149
1,182
0,48
1,1901
0,152
1,2723

1,771
0,684
1,1483
0,149
1,177
0,53
1,1896
0,153
1,2724

1,771
0,685
1,1485
0,148
1,174
0,56
1,1893
0,152
1,2726

1,771
0,686
1,1487
0,148
1,169
0,61
1,1888
0,152
1,2728

1,771
0,687
1,1488
0,149
1,165
0,64
1,1884
0,152
1,2730

1,772
0,687
1,1490
0,148
1,161
0,69
1,1879
0,153
1,2731

1,772
0,687
1,1493
0,148
1,157
0,72
1,1876
0,152
1,2733

1,772
0,688
1,1495
0,147
1,153
0,76
1,1872
0,152
1,2735

1,772
0,689
1,1497
0,147
1,150
0,79
1,1867
0,152
1,2737

1,773
0,689
1,1499
0,147
1,149
0,79
1,1863
0,153
1,2738

1,773
0,690
1,1500
0,147
1,149
0,80
1,1859
0,152
1,2740

1,773
0,691
1,1502
0,147
1,148
0,80
1,1855
0,152
1,2742

1,773
0,692
1,1504
0,146
1,149
0,80
1,1850
0,152
1,2744

1,774
0,692
1,1506
0,146
1,148
0,80
1,1846
0,153
1,2745

1,774
0,693
1,1507
0,147
1,147
0,81
1,1841
0,153
1,2747

1,774
0,694
1,1509
0,146
1,148
0,80
1,1838
0,152
1,2749

1,774
0,695
1,1511
0,146
1,147
0,81
1,1833
0,152
1,2751

1,774
0,696
1,1513
0,145
1,147
0,81
1,1829
0,153
1,2752

1,775
0,696
1,1515
0,145
1,147
0,81
1,1825
0,152
1,2754

1,775
0,697
1,1517
0,144
1,147
0,81
1,1821
0,152
1,2756

1,775
0,698
1,1518
0,145
1,146
0,81
1,1817
0,152
1,2758

1,775
0,698
1,1521
0,145
1,146
0,79
1,1814
0,153
1,2759

1,776
0,697
1,1524
0,144
1,146
0,78
1,1811
0,153
1,2761

1,776
0,698
1,1526
0,144
1,145
0,77
1,1809
0,152
1,2763

1,776
0,698
1,1529
0,143
1,145
0,75
1,1807
0,152
1,2765

1,776
0,699
1,1530
0,144
1,145
0,73
1,1804
0,152
1,2767

1,777
0,698
1,1533
0,144
1,144
0,72
1,1801
0,153
1,2768

1,777
0,698
1,1536
0,143
1,144
0,71
1,1799
0,152
1,2770

1,777
0,699
1,1538
0,143
1,144
0,69
1,1796
0,152
1,2772

1,777
0,699
1,1541
0,142
1,144
0,68
1,1793
0,152
1,2774

1,778
0,698
1,1543
0,143
1,143
0,66
1,1791
0,153
1,2775

1,778
0,699
1,1545
0,143
1,143
0,64
1,1789
0,152
1,2777

1,778
0,699
1,1548
0,142
1,143
0,63
1,1786
0,152
1,2779

1,778
0,700
1,1550
0,142
1,142
0,62
1,1783
0,153
1,2780

1,779
0,699
1,1553
0,141
1,95
0,2
1,46
0,60
1,1780
0,153
1,2782

1,779
0,699
1,1555
0,142
1,91
0,5
1,46
0,59
1,1778
0,152
1,2784

1,779
0,700
1,1557
0,141
1,87
0,9
1,46
0,57
1,1776
0,152
1,2786

1,779
0,700
1,1560
0,141
1,83
0,12
1,45
0,57
1,1773
0,152
1,2788

1,780
0,700
1,1562
0,141
1,79
0,16
1,43
0,57
1,1770
0,153
1,2789

1,780
0,700
1,1565
0,140
1,75
0,20
1,42
0,57
1,1768
0,152
1,2791

1,780
0,700
1,1567
0,141
1,71
0,23
1,40
0,58
1,1765
0,152
1,2793

1,780
0,701
1,1569
0,141
1,66
0,27
1,39
0,58
1,1762
0,152
1,2795

1,781
0,700
1,1572
0,140
1,63
0,30
1,38
0,57
1,1760
0,153
1,2796

1,781
0,701
1,1574
0,140
1,58
0,34
1,37
0,57
1,1758
0,152
1,2798

1,781
0,701
1,1577
0,139
1,55
0,35
1,38
0,57
1,1755
0,152
1,2800

1,781
0,701
1,1580
0,139
1,51
0,35
1,40
0,57
1,1752
0,152
1,2802

1,782
0,701
1,1581
0,139
1,47
0,37
1,40
0,58
1,1749
0,153
1,2803

1,782
0,701
1,1584
0,139
1,43
0,37
1,42
0,57
1,1748
0,152
1,2805

1,782
0,702
1,1586
0,139
1,38
0,39
1,43
0,57
1,1745
0,152
1,2807

1,782
0,702
1,1589
0,138
1,35
0,40
1,44
0,57
1,1742
0,152
1,2809

1,783
0,701
1,1591
0,139
1,30
0,41
1,46
0,57
1,1739
0,153
1,2810

1,783
0,702
1,1593
0,138
1,27
0,42
1,47
0,57
1,1736
0,153
1,2812

1,783
0,702
1,1596
0,138
1,22
0,43
1,48
0,58
1,1734
0,152
1,2814

1,783
0,702
1,1599
0,137
1,19
0,44
1,49
0,57
1,1732
0,152
1,2816

1,784
0,702
1,1601
0,137
1,15
0,45
1,50
0,57
1,1729
0,153
1,2817

1,784
0,702
1,1604
0,137
1,10
0,46
1,52
0,57
1,1727
0,152
1,2819

1,784
0,703
1,1605
0,137
1,7
0,47
1,53
0,57
1,1724
0,152
1,2821

1,784
0,703
1,1608
0,137
1,2
0,48
1,55
0,57
1,1721
0,152
1,2823

1,784
0,704
1,1610
0,184
1,55
0,58
1,1718
0,153
1,2824

1,785
0,703
1,1613
0,181
1,56
0,57
1,1716
0,153
1,2826

1,785
0,704
1,1615
0,177
1,58
0,57
1,1714
0,152
1,2828

1,785
0,705
1,1616
0,175
1,59
0,57
1,1711
0,152
1,2830

1,785
0,706
1,1618
0,171
1,61
0,57
1,1708
0,152
1,2832

1,786
0,706
1,1620
0,168
1,62
0,57
1,1705
0,153
1,2833

1,786
0,707
1,1622
0,164
1,64
0,57
1,1703
0,152
1,2835

1,786
0,707
1,1624
0,162
1,64
0,57
1,1701
0,152
1,2837

1,786
0,708
1,1626
0,159
1,65
0,57
1,1698
0,152
1,2839

1,787
0,708
1,1628
0,155
1,67
0,57
1,1695
0,153
1,2840

1,787
0,709
1,1630
0,152
1,68
0,57
1,1693
0,152
1,2842

1,787
0,710
1,1632
0,148
1,70
0,57
1,1690
0,152
1,2844

1,787
0,711
1,1634
0,145
1,71
0,57
1,1687
0,152
1,2846

1,788
0,710
1,1636
0,143
1,71
0,57
1,1685
0,153
1,2847

1,788
0,711
1,1638
0,139
1,73
0,57
1,1683
0,152
1,2849

1,788
0,712
1,1640
0,136
1,74
0,57
1,1680
0,152
1,2851

1,788
0,713
1,1642
0,132
1,76
0,57
1,1677
0,152
1,2853

1,789
0,713
1,1644
0,129
1,77
0,57
1,1674
0,153
1,2854

1,789
0,714
1,1645
0,127
1,78
0,56
1,1672
0,153
1,2856

1,789
0,714
1,1648
0,123
1,79
0,57
1,1670
0,152
1,2858

1,789
0,715
1,1650
0,120
1,80
0,57
1,1667
0,152
1,2860

1,790
0,715
1,1652
0,116
1,82
0,57
1,1664
0,153
1,2861

1,790
0,716
1,1654
0,113
1,83
0,57
1,1662
0,152
1,2863

1,790
0,717
1,1655
0,110
1,85
0,57
1,1659
0,152
1,2865

1,790
0,718
1,1657
0,107
1,86
0,56
1,1657
0,152
1,2867

1,791
0,717
1,1660
0,104
1,86
0,57
1,1654
0,153
1,2868

1,791
0,718
1,1662
0,100
1,88
0,57
1,1652
0,152
1,2870

1,791
0,719
1,1664
0,97
1,89
0,57
1,1649
0,152
1,2872

1,791
0,720
1,1665
0,94
1,91
0,57
1,1646
0,152
1,2874

1,792
0,720
1,1667
0,91
1,92
0,57
1,1643
0,152
1,2876

1,792
0,721
1,1669
0,88
1,93
0,56
1,1641
0,153
1,2877

1,792
0,721
1,1672
0,84
1,94
0,57
1,1639
0,152
1,2879

1,792
0,722
1,1674
0,81
1,95
0,57
1,1636
0,152
1,2881

1,793
0,722
1,1675
0,78
1,97
0,57
1,1633
0,152
1,2883

1,793
0,723
1,1674
0,78
1,98
0,57
1,1631
0,152
1,2884

1,793
0,724
1,1672
0,79
1,99
0,56
1,1629
0,152
1,2886

1,793
0,725
1,1669
0,80
1,101
0,56
1,1626
0,152
1,2888

1,794
0,725
1,1667
0,81
1,101
0,57
1,1623
0,152
1,2890

1,794
0,725
1,1665
0,82
1,103
0,57
1,1620
0,153
1,2891

1,794
0,726
1,1663
0,83
1,104
0,57
1,1618
0,152
1,2893

1,794
0,727
1,1660
0,84
1,106
0,57
1,1615
0,152
1,2895

1,794
0,728
1,1657
0,86
1,107
0,56
1,1613
0,152
1,2897

1,795
0,728
1,1655
0,87
1,108
0,56
1,1610
0,153
1,2898

1,795
0,729
1,1652
0,88
1,109
0,57
1,1608
0,152
1,2900

1,795
0,729
1,1651
0,89
1,110
0,57
1,1605
0,152
1,2902

1,795
0,730
1,1648
0,90
1,112
0,57
1,1602
0,152
1,2904

1,796
0,730
1,1646
0,91
1,113
0,57
1,1599
0,153
1,2905

1,796
0,731
1,1643
0,93
1,114
0,56
1,1598
0,152
1,2907

1,796
0,732
1,1640
0,94
1,115
0,57
1,1595
0,152
1,2909

1,796
0,733
1,1638
0,95
1,116
0,57
1,1592
0,152
1,2911

1,797
0,732
1,1636
0,96
1,118
0,57
1,1589
0,153
1,2912

1,797
0,733
1,1634
0,97
1,119
0,57
1,1587
0,152
1,2914

1,797
0,734
1,1631
0,99
1,120
0,56
1,1585
0,152
1,2916

1,797
0,735
1,1629
0,99
1,122
0,56
1,1582
0,152
1,2918

1,798
0,735
1,1626
0,101
1,123
0,56
1,1579
0,152
1,2920

1,798
0,736
1,1623
0,102
1,125
0,56
1,1576
0,153
1,2921

1,798
0,736
1,1622
0,103
1,125
0,57
1,1574
0,152
1,2923

1,798
0,737
1,1619
0,105
1,126
0,57
1,1571
0,152
1,2925

1,799
0,737
1,1617
0,105
1,128
0,56
1,1569
0,152
1,2927

1,799
0,738
1,1614
0,107
1,129
0,56
1,1567
0,152
1,2928

1,799
0,739
1,1612
0,107
1,131
0,56
1,1564
0,152
1,2930

1,799
0,740
1,1609
0,109
1,132
0,56
1,1561
0,152
1,2932

1,800
0,740
1,1606
0,110
1,134
0,56
1,1558
0,152
1,2934

1,800
0,740
1,1605
0,111
1,134
0,57
1,1556
0,152
1,2935

1,800
0,741
1,1602
0,113
1,135
0,56
1,1554
0,152
1,2937

1,800
0,742
1,1600
0,113
1,137
0,56
1,1551
0,152
1,2939

1,801
0,742
1,1601
0,111
1,138
0,56
1,1548
0,152
1,2941

1,803
0,741
1,1603
0,107
1,140
0,56
1,1545
0,153
1,2942

1,806
0,739
1,1604
0,105
1,141
0,56
1,1543
0,152
1,2944

1,809
0,736
1,1606
0,103
1,142
0,56
1,1540
0,152
1,2946

1,813
0,733
1,1607
0,100
1,143
0,56
1,1538
0,152
1,2948

1,816
0,731
1,1609
0,97
1,144
0,56
1,1536
0,152
1,2949

1,819
0,729
1,1610
0,95
1,145
0,56
1,1533
0,152
1,2951

1,823
0,726
1,1611
0,95
1,144
0,56
1,1530
0,152
1,2953

1,826
0,724
1,1613
0,95
1,142
0,56
1,1527
0,152
1,2955

1,830
0,720
1,1615
0,95
1,141
0,55
1,1525
0,153
1,2956

1,833
0,718
1,1616
0,96
1,139
0,55
1,1523
0,152
1,2958

1,836
0,716
1,1617
0,96
1,137
0,56
1,1520
0,152
1,2960

1,840
0,713
1,1619
0,96
1,135
0,56
1,1517
0,152
1,2962

1,843
0,711
1,1620
0,96
1,134
0,56
1,1514
0,152
1,2964

1,846
0,709
1,54
0,2
1,1565
0,97
1,132
0,56
1,1512
0,152
1,2965

1,850
0,706
1,50
0,4
1,1569
0,96
1,131
0,55
1,1510
0,152
1,2967

1,853
0,703
1,47
0,7
1,1571
0,97
1,129
0,55
1,1507
0,152
1,2969

1,856
0,701
1,43
0,9
1,1574
0,97
1,128
0,55
1,1504
0,152
1,2971

1,860
0,698
1,39
0,11
1,1577
0,98
1,125
0,56
1,1502
0,152
1,2972

1,863
0,696
1,35
0,13
1,1581
0,97
1,124
0,56
1,1499
0,152
1,2974

1,867
0,693
1,31
0,15
1,1584
0,98
1,122
0,56
1,1496
0,152
1,2976

1,870
0,691
1,26
0,18
1,1587
0,98
1,121
0,55
1,1494
0,152
1,2978

1,873
0,688
1,23
0,20
1,1590
0,99
1,119
0,55
1,1492
0,152
1,2979

1,877
0,685
1,19
0,22
1,1594
0,98
1,118
0,55
1,1489
0,152
1,2981

1,880
0,683
1,15
0,24
1,1597
0,99
1,116
0,55
1,1486
0,152
1,2983

1,883
0,681
1,11
0,26
1,1600
0,100
1,113
0,56
1,1483
0,152
1,2985

1,887
0,678
1,7
0,28
1,1604
0,99
1,112
0,55
1,1481
0,153
1,2986

1,890
0,676
1,3
0,30
1,1607
0,100
1,110
0,55
1,1479
0,152
1,2988

1,893
0,706
1,1609
0,100
1,109
0,55
1,1476
0,152
1,2990

1,897
0,701
1,1612
0,101
1,107
0,55
1,1473
0,152
1,2992

1,900
0,697
1,1616
0,100
1,106
0,55
1,1471
0,152
1,2993

1,904
0,692
1,1619
0,101
1,103
0,56
1,1468
0,152
1,2995

1,907
0,688
1,1622
0,101
1,102
0,55
1,1466
0,152
1,2997

1,910
0,684
1,1626
0,101
1,100
0,55
1,1463
0,152
1,2999

1,914
0,679
1,1629
0,101
1,99
0,55
1,1461
0,152
1,3000

1,917
0,675
1,1632
0,102
1,97
0,55
1,1458
0,152
1,3002

1,920
0,671
1,1635
0,102
1,96
0,55
1,1455
0,152
1,3004

1,924
0,666
1,1639
0,102
1,94
0,55
1,856
0,1
1,595
0,152
1,3006

1,927
0,662
1,1642
0,102
1,92
0,55
1,855
0,5
1,590
0,152
1,3008

1,930
0,658
1,1645
0,103
1,90
0,55
1,853
0,8
1,587
0,152
1,3009

1,934
0,653
1,1649
0,102
1,89
0,55
1,851
0,11
1,583
0,152
1,3011

1,937
0,649
1,1652
0,103
1,87
0,55
1,848
0,16
1,578
0,152
1,3013

1,941
0,645
1,1654
0,103
1,86
0,55
1,846
0,19
1,574
0,153
1,3014

1,944
0,641
1,1657
0,104
1,84
0,54
1,845
0,22
1,571
0,152
1,3016

1,947
0,637
1,1660
0,104
1,83
0,54
1,843
0,26
1,566
0,152
1,3018

1,951
0,632
1,1664
0,104
1,80
0,55
1,840
0,30
1,562
0,152
1,3020

1,954
0,628
1,1667
0,104
1,79
0,55
1,838
0,33
1,558
0,152
1,3022

1,957
0,624
1,1670
0,105
1,77
0,55
1,836
0,36
1,555
0,152
1,3023

1,961
0,619
1,1674
0,105
1,75
0,55
1,834
0,40
1,550
0,152
1,3025

1,964
0,615
1,1677
0,105
1,74
0,54
1,832
0,44
1,546
0,152
1,3027

1,967
0,611
1,1680
0,106
1,72
0,54
1,830
0,47
1,542
0,152
1,3029

1,971
0,606
1,1683
0,106
1,71
0,54
1,828
0,51
1,538
0,152
1,3030

1,974
0,602
1,1687
0,106
1,68
0,55
1,826
0,54
1,534
0,152
1,3032

1,978
0,597
1,1690
0,106
1,67
0,55
1,823
0,58
1,530
0,152
1,3034

1,981
0,594
1,1692
0,107
1,65
0,55
1,821
0,62
1,525
0,152
1,3036

1,984
0,590
1,1695
0,107
1,64
0,54
1,820
0,65
1,522
0,152
1,3037

1,988
0,585
1,1695
0,111
1,62
0,54
1,818
0,68
1,518
0,152
1,3039

1,991
0,581
1,1694
0,115
1,61
0,54
1,815
0,73
1,513
0,152
1,3041

1,994
0,577
1,1693
0,120
1,59
0,54
1,813
0,76
1,509
0,152
1,3043

1,998
0,572
1,1693
0,123
1,57
0,55
1,811
0,79
1,506
0,152
1,3044

1,1001
0,568
1,1692
0,128
1,55
0,55
1,809
0,83
1,501
0,152
1,3046

1,1004
0,564
1,1692
0,131
1,54
0,54
1,807
0,87
1,497
0,152
1,3048

1,1008
0,559
1,1691
0,136
1,52
0,54
1,805
0,90
1,493
0,152
1,3050

1,1011
0,555
1,1691
0,139
1,51
0,54
1,803
0,94
1,488
0,152
1,3052

1,1015
0,550
1,1690
0,144
1,49
0,54
1,801
0,97
1,485
0,152
1,3053

1,1018
0,546
1,1689
0,148
1,48
0,54
1,798
0,101
1,481
0,152
1,3055

1,1021
0,542
1,1689
0,152
1,45
0,54
1,797
0,104
1,477
0,152
1,3057

1,1025
0,538
1,1687
0,156
1,44
0,54
1,795
0,108
1,473
0,152
1,3058

1,1028
0,534
1,1687
0,160
1,42
0,54
1,793
0,111
1,469
0,152
1,3060

1,1031
0,530
1,1686
0,164
1,41
0,54
1,790
0,115
1,465
0,152
1,3062

1,1035
0,525
1,1686
0,168
1,39
0,54
1,788
0,119
1,460
0,152
1,3064

1,1038
0,521
1,1685
0,173
1,37
0,54
1,786
0,122
1,457
0,151
1,3066

1,1041
0,517
1,1684
0,177
1,36
0,54
1,784
0,125
1,453
0,152
1,3067

1,1045
0,512
1,1684
0,181
1,33
0,56
1,780
0,130
1,448
0,152
1,3069

1,1048
0,508
1,1683
0,185
1,32
0,57
1,777
0,133
1,444
0,152
1,3071

1,1052
0,503
1,1683
0,189
1,30
0,57
1,775
0,136
1,440
0,152
1,3073

1,1055
0,500
1,1681
0,193
1,29
0,58
1,772
0,140
1,436
0,152
1,3074

1,1058
0,500
1,1676
0,198
1,27
0,58
1,769
0,144
1,432
0,152
1,3076

1,1062
0,499
1,1672
0,201
1,26
0,59
1,766
0,147
1,428
0,152
1,3078

1,1065
0,499
1,1667
0,206
1,24
0,60
1,763
0,151
1,423
0,152
1,3080

1,1068
0,499
1,1663
0,209
1,23
0,60
1,761
0,154
1,420
0,152
1,3081

1,1072
0,497
1,107
0,5
1,1547
0,214
1,20
0,62
1,757
0,158
1,416
0,152
1,3083

1,1075
0,497
1,101
0,11
1,1542
0,218
1,19
0,62
1,755
0,162
1,411
0,152
1,3085

1,1078
0,497
1,95
0,18
1,1537
0,222
1,17
0,63
1,752
0,165
1,407
0,152
1,3087

1,1082
0,496
1,89
0,24
1,1532
0,226
1,16
0,64
1,749
0,168
1,404
0,152
1,3088

1,1085
0,496
1,82
0,32
1,1527
0,230
1,14
0,64
1,746
0,173
1,399
0,152
1,3090

1,1089
0,495
1,76
0,38
1,1522
0,234
1,13
0,65
1,743
0,176
1,395
0,152
1,3092

1,1092
0,495
1,70
0,45
1,1517
0,238
1,10
0,67
1,740
0,179
1,391
0,152
1,3094

1,1095
0,495
1,64
0,51
1,1512
0,242
1,9
0,67
1,738
0,183
1,387
0,151
1,3096

1,1099
0,494
1,58
0,58
1,1506
0,247
1,7
0,68
1,734
0,187
1,383
0,152
1,3097

1,1102
0,494
1,52
0,64
1,1502
0,250
1,6
0,69
1,731
0,190
1,379
0,152
1,3099

1,1105
0,494
1,46
0,71
1,1496
0,255
1,4
0,69
1,729
0,194
1,374
0,152
1,3101

1,1109
0,493
1,40
0,77
1,1492
0,258
1,2
0,71
1,726
0,197
1,371
0,152
1,3102

1,1112
0,493
1,34
0,84
1,1486
0,334
1,723
0,201
1,367
0,152
1,3104

1,1115
0,492
1,29
0,91
1,1480
0,338
1,720
0,205
1,362
0,152
1,3106

1,1119
0,491
1,23
0,97
1,1476
0,341
1,717
0,208
1,358
0,152
1,3108

1,1122
0,491
1,17
0,103
1,1471
0,344
1,715
0,211
1,355
0,152
1,3109

1,1125
0,491
1,11
0,110
1,1466
0,347
1,711
0,215
1,351
0,152
1,3111

1,1129
0,490
1,5
0,117
1,1460
0,351
1,708
0,219
1,346
0,152
1,3113

1,1132
0,612
1,1456
0,353
1,706
0,222
1,342
0,152
1,3115

1,1136
0,612
1,1450
0,357
1,703
0,225
1,338
0,152
1,3117

1,1139
0,612
1,1445
0,360
1,700
0,230
1,334
0,152
1,3118

1,1142
0,613
1,1440
0,363
1,697
0,233
1,330
0,152
1,3120

1,1146
0,612
1,1435
0,367
1,694
0,236
1,326
0,152
1,3122

1,1149
0,613
1,1430
0,369
1,692
0,240
1,322
0,151
1,3124

1,1152
0,613
1,1425
0,373
1,688
0,244
1,318
0,152
1,3125

1,1156
0,613
1,1420
0,376
1,685
0,247
1,314
0,152
1,3127

1,1159
0,613
1,1415
0,379
1,683
0,251
1,309
0,152
1,3129

1,1162
0,614
1,1409
0,383
1,683
0,251
1,306
0,151
1,3131

1,1166
0,613
1,1405
0,385
1,683
0,252
1,302
0,152
1,3132

1,1169
0,614
1,1399
0,389
1,683
0,253
1,297
0,152
1,3134

1,1173
0,613
1,1395
0,392
1,682
0,254
1,293
0,152
1,3136

1,1176
0,614
1,1389
0,395
1,683
0,254
1,289
0,152
1,3138

1,1179
0,615
1,1383
0,399
1,682
0,255
1,286
0,152
1,3139

1,1183
0,614
1,1379
0,402
1,682
0,256
1,281
0,152
1,3141

1,1186
0,614
1,1374
0,405
1,682
0,257
1,277
0,152
1,3143

1,1189
0,615
1,1369
0,408
1,682
0,257
1,273
0,152
1,3145

1,1193
0,615
1,1363
0,412
1,682
0,258
1,269
0,152
1,3146

1,1196
0,615
1,1358
0,415
1,682
0,259
1,265
0,152
1,3148

1,1199
0,616
1,1353
0,418
1,682
0,259
1,261
0,152
1,3150

1,1203
0,615
1,1348
0,421
1,682
0,261
1,256
0,152
1,3152

1,1206
0,616
1,1343
0,424
1,682
0,261
1,253
0,152
1,3153

1,1210
0,615
1,1338
0,428
1,681
0,262
1,249
0,152
1,3155

1,1213
0,616
1,1333
0,430
1,682
0,263
1,244
0,152
1,3157

1,1216
0,616
1,1328
0,434
1,681
0,264
1,240
0,152
1,3159

1,1220
0,616
1,1322
0,438
1,681
0,264
1,237
0,151
1,3161

1,1223
0,616
1,1318
0,440
1,681
0,266
1,232
0,152
1,3162

1,1226
0,617
1,1312
0,444
1,681
0,266
1,228
0,152
1,3164

1,1230
0,616
1,1308
0,446
1,681
0,267
1,224
0,152
1,3166

1,1233
0,617
1,1302
0,450
1,681
0,267
1,221
0,152
1,3167

1,1236
0,617
1,1297
0,454
1,680
0,269
1,216
0,152
1,3169

1,1240
0,617
1,1292
0,456
1,681
0,269
1,212
0,152
1,3171

1,1242
0,618
1,1287
0,460
1,680
0,270
1,208
0,152
1,3173

1,1245
0,619
1,40
0,8
1,1234
0,463
1,680
0,271
1,204
0,151
1,3175

1,1248
0,620
1,34
0,12
1,1230
0,466
1,680
0,272
1,200
0,152
1,3176

1,1250
0,621
1,30
0,16
1,1226
0,469
1,680
0,272
1,196
0,152
1,3178

1,1253
0,622
1,24
0,20
1,1222
0,472
1,680
0,274
1,191
0,152
1,3180

1,1255
0,623
1,20
0,24
1,1217
0,476
1,680
0,274
1,187
0,152
1,3182

1,1258
0,624
1,14
0,28
1,1214
0,479
1,679
0,275
1,184
0,152
1,3183

1,1261
0,624
1,10
0,32
1,1209
0,482
1,680
0,276
1,179
0,152
1,3185

1,1263
0,626
1,5
0,35
1,1206
0,485
1,679
0,277
1,175
0,152
1,3187

1,1266
0,666
1,1201
0,489
1,679
0,277
1,172
0,151
1,3189

1,1268
0,667
1,1197
0,491
1,680
0,278
1,167
0,152
1,3190

1,1271
0,668
1,1191
0,495
1,679
0,279
1,163
0,152
1,3192

1,1274
0,669
1,1185
0,499
1,679
0,279
1,159
0,152
1,3194

1,1276
0,671
1,1180
0,501
1,679
0,281
1,155
0,151
1,3196

1,1279
0,672
1,1174
0,505
1,679
0,281
1,151
0,152
1,3197

1,1281
0,674
1,1169
0,507
1,679
0,282
1,147
0,152
1,3199

1,1284
0,675
1,1163
0,511
1,679
0,283
1,142
0,152
1,3201

1,1287
0,677
1,1156
0,515
1,678
0,284
1,138
0,152
1,3203

1,1289
0,679
1,1151
0,517
1,679
0,284
1,135
0,151
1,3205

1,1292
0,680
1,1145
0,521
1,678
0,286
1,130
0,152
1,3206

1,1295
0,681
1,1140
0,523
1,679
0,286
1,126
0,152
1,3208

1,1297
0,683
1,1134
0,527
1,678
0,287
1,122
0,152
1,3210

1,1300
0,684
1,1128
0,531
1,678
0,288
1,118
0,152
1,3211

1,1302
0,686
1,1123
0,533
1,678
0,289
1,114
0,152
1,3213

1,1305
0,687
1,1117
0,537
1,678
0,289
1,110
0,152
1,3215

1,1308
0,689
1,1111
0,540
1,677
0,290
1,106
0,152
1,3217

1,1310
0,691
1,1105
0,543
1,678
0,291
1,102
0,151
1,3219

1,1313
0,692
1,1100
0,546
1,677
0,292
1,98
0,152
1,3220

1,1315
0,694
1,1094
0,549
1,678
0,292
1,94
0,152
1,3222

1,1318
0,695
1,1088
0,553
1,678
0,293
1,89
0,152
1,3224

1,1320
0,697
1,1083
0,556
1,677
0,294
1,86
0,151
1,3226

1,1323
0,698
1,1077
0,559
1,678
0,294
1,82
0,152
1,3227

1,1326
0,699
1,1072
0,562
1,677
0,296
1,77
0,152
1,3229

1,1328
0,701
1,1066
0,566
1,677
0,296
1,73
0,152
1,3231

1,1331
0,702
1,1061
0,568
1,677
0,297
1,70
0,151
1,3233

1,1334
0,704
1,1054
0,572
1,677
0,298
1,65
0,152
1,3234

1,1336
0,706
1,1048
0,576
1,676
0,299
1,61
0,152
1,3236

1,1339
0,707
1,1043
0,578
1,677
0,299
1,57
0,152
1,3238

1,1341
0,709
1,1037
0,582
1,676
0,301
1,53
0,151
1,3240

1,1344
0,710
1,1032
0,584
1,677
0,301
1,49
0,152
1,3241

1,1347
0,711
1,1026
0,587
1,677
0,302
1,45
0,152
1,3243

1,1349
0,713
1,1020
0,591
1,677
0,303
1,40
0,152
1,3245

1,1352
0,715
1,1015
0,592
1,677
0,304
1,36
0,152
1,3247

1,1354
0,717
1,43
0,1
1,966
0,595
1,677
0,304
1,33
0,151
1,3249

1,1357
0,715
1,41
0,2
1,965
0,597
1,677
0,304
1,30
0,152
1,3250

1,1359
0,713
1,40
0,3
1,964
0,599
1,678
0,303
1,27
0,152
1,3252

1,1362
0,710
1,38
0,5
1,963
0,599
1,681
0,301
1,26
0,151
1,3254

1,1365
0,707
1,37
0,6
1,962
0,599
1,683
0,301
1,23
0,152
1,3255

1,1367
0,706
1,35
0,7
1,962
0,598
1,686
0,300
1,20
0,152
1,3257

1,1370
0,706
1,31
0,8
1,961
0,597
1,689
0,300
1,17
0,152
1,3259

1,1373
0,706
1,27
0,9
1,960
0,597
1,692
0,299
1,15
0,151
1,3261

1,1375
0,707
1,23
0,10
1,959
0,597
1,694
0,298
1,13
0,151
1,3263

1,1378
0,707
1,18
0,12
1,958
0,596
1,698
0,297
1,10
0,152
1,3264

1,1380
0,708
1,14
0,13
1,957
0,596
1,700
0,297
1,7
0,152
1,3266

1,1383
0,708
1,10
0,14
1,956
0,596
1,703
0,296
1,4
0,152
1,3268

1,1386
0,708
1,6
0,15
1,956
0,594
1,706
0,296
1,2
0,151
1,3270

1,1388
0,727
1,955
0,594
1,709
0,446
1,3271

1,1391
0,724
1,954
0,594
1,711
0,443
1,3273

1,1393
0,722
1,953
0,593
1,715
0,439
1,3275

1,1396
0,719
1,952
0,593
1,716
0,437
1,3277

1,1399
0,716
1,951
0,593
1,715
0,438
1,3278

1,1401
0,714
1,950
0,592
1,715
0,438
1,3280

1,1404
0,711
1,950
0,591
1,714
0,438
1,3282

1,1406
0,709
1,949
0,591
1,713
0,438
1,3284

1,1409
0,706
1,948
0,590
1,713
0,439
1,3285

1,1412
0,707
1,943
0,590
1,712
0,439
1,3287

1,1414
0,709
1,938
0,590
1,711
0,439
1,3289

1,1417
0,709
1,934
0,589
1,711
0,439
1,3291

1,1419
0,711
1,929
0,589
1,710
0,439
1,3293

1,1422
0,712
1,925
0,588
1,709
0,440
1,3294

1,1425
0,713
1,920
0,588
1,708
0,440
1,3296

1,1427
0,715
1,915
0,587
1,708
0,440
1,3298

1,1430
0,716
1,910
0,587
1,707
0,441
1,3299

1,1432
0,717
1,483
0,1
1,422
0,587
1,706
0,441
1,3301

1,1435
0,718
1,478
0,5
1,418
0,586
1,706
0,441
1,3303

1,1438
0,719
1,473
0,9
1,415
0,585
1,705
0,441
1,3305

1,1440
0,721
1,468
0,14
1,410
0,585
1,704
0,441
1,3307

1,1443
0,722
1,463
0,18
1,406
0,584
1,704
0,442
1,3308

1,1445
0,724
1,457
0,24
1,401
0,584
1,703
0,442
1,3310

1,1448
0,724
1,453
0,28
1,397
0,584
1,702
0,442
1,3312

1,1451
0,725
1,448
0,33
1,392
0,583
1,702
0,442
1,3314

1,1453
0,727
1,443
0,37
1,388
0,583
1,701
0,443
1,3315

1,1456
0,728
1,438
0,42
1,384
0,582
1,700
0,443
1,3317

1,1458
0,730
1,433
0,47
1,379
0,581
1,700
0,443
1,3319

1,1461
0,731
1,428
0,51
1,375
0,581
1,699
0,443
1,3321

1,1464
0,731
1,424
0,55
1,371
0,581
1,698
0,444
1,3322

1,1466
0,733
1,419
0,60
1,366
0,580
1,698
0,444
1,3324

1,1469
0,734
1,414
0,64
1,362
0,580
1,697
0,444
1,3326

1,1472
0,735
1,409
0,69
1,358
0,579
1,696
0,444
1,3328

1,1474
0,737
1,404
0,71
1,356
0,578
1,696
0,445
1,3329

1,1477
0,738
1,399
0,72
1,355
0,578
1,695
0,445
1,3331

1,1479
0,739
1,395
0,72
1,356
0,577
1,694
0,445
1,3333

1,1482
0,740
1,390
0,73
1,357
0,575
1,693
0,445
1,3335

1,1485
0,741
1,385
0,73
1,359
0,572
1,694
0,444
1,3337

1,1487
0,743
1,380
0,73
1,361
0,570
1,693
0,445
1,3338

1,1490
0,744
1,375
0,74
1,363
0,567
1,692
0,445
1,3340

1,1492
0,746
1,369
0,75
1,365
0,564
1,692
0,445
1,3342

1,1495
0,746
1,365
0,75
1,367
0,562
1,690
0,447
1,3343

1,1497
0,748
1,360
0,76
1,368
0,560
1,690
0,446
1,3345

1,1500
0,749
1,355
0,76
1,370
0,557
1,690
0,446
1,3347

1,1503
0,750
1,350
0,76
1,372
0,555
1,689
0,446
1,3349

1,1505
0,752
1,345
0,77
1,373
0,553
1,688
0,446
1,3351

1,1508
0,752
1,341
0,77
1,375
0,550
1,688
0,447
1,3352

1,1511
0,753
1,336
0,78
1,376
0,548
1,687
0,447
1,3354

1,1513
0,755
1,331
0,78
1,379
0,545
1,686
0,447
1,3356

1,1516
0,756
1,326
0,78
1,381
0,542
1,686
0,447
1,3358

1,1518
0,758
1,321
0,79
1,382
0,540
1,685
0,448
1,3359

1,1521
0,759
1,316
0,79
1,384
0,538
1,684
0,448
1,3361

1,1524
0,760
1,311
0,79
1,386
0,535
1,684
0,448
1,3363

1,1526
0,761
1,307
0,80
1,387
0,533
1,683
0,448
1,3365

1,1529
0,762
1,302
0,80
1,389
0,531
1,682
0,449
1,3366

1,1531
0,764
1,296
0,81
1,391
0,528
1,682
0,449
1,3368

1,1534
0,765
1,291
0,82
1,392
0,526
1,681
0,449
1,3370

1,1536
0,767
1,286
0,82
1,395
0,523
1,680
0,449
1,3372

1,1539
0,768
1,281
0,82
1,397
0,521
1,679
0,450
1,3373

1,1542
0,767
1,3
0,1
1,274
0,83
1,398
0,518
1,679
0,452
1,3373

1,1544
0,767
1,275
0,83
1,400
0,516
1,678
0,454
1,3373

1,1547
0,768
1,270
0,84
1,401
0,514
1,677
0,456
1,3373

1,1550
0,769
1,265
0,84
1,403
0,511
1,677
0,459
1,3372

1,1552
0,771
1,260
0,84
1,405
0,509
1,676
0,461
1,3372

1,1552
0,775
1,255
0,85
1,406
0,507
1,675
0,463
1,3372

1,1551
0,780
1,250
0,85
1,409
0,505
1,673
0,466
1,3371

1,1550
0,783
1,247
0,85
1,411
0,505
1,670
0,468
1,3371

1,1548
0,783
1,248
0,86
1,412
0,505
1,667
0,470
1,3371

1,1547
0,783
1,248
0,86
1,414
0,504
1,665
0,472
1,3371

1,1545
0,783
1,249
0,86
1,416
0,504
1,662
0,475
1,3370

1,1544
0,783
1,249
0,87
1,417
0,504
1,659
0,477
1,3370

1,1542
0,783
1,250
0,87
1,419
0,504
1,656
0,479
1,3370

1,1541
0,783
1,249
0,89
1,420
0,504
1,653
0,482
1,3369

1,1539
0,783
1,250
0,89
1,423
0,502
1,651
0,484
1,3369

1,1538
0,782
1,251
0,89
1,425
0,502
1,648
0,486
1,3369

1,1536
0,783
1,251
0,90
1,426
0,502
1,645
0,489
1,3368

1,1535
0,782
1,252
0,90
1,428
0,502
1,642
0,491
1,3368

1,1533
0,783
1,252
0,90
1,430
0,502
1,639
0,493
1,3368

1,1532
0,782
1,253
0,91
1,431
0,501
1,637
0,496
1,3367

1,1530
0,783
1,253
0,91
1,433
0,501
1,634
0,498
1,3367

1,1529
0,782
1,254
0,92
1,434
0,501
1,631
0,500
1,3367

1,1527
0,783
1,254
0,92
1,436
0,501
1,628
0,502
1,3367

1,1526
0,782
1,255
0,92
1,439
0,500
1,625
0,505
1,3366

1,1524
0,782
1,256
0,93
1,440
0,499
1,623
0,507
1,3366

1,1523
0,782
1,256
0,93
1,442
0,499
1,620
0,509
1,3366

1,1521
0,782
1,257
0,93
1,444
0,499
1,617
0,512
1,3365

1,1520
0,782
1,257
0,94
1,445
0,499
1,614
0,514
1,3365

1,1518
0,782
1,258
0,94
1,447
0,499
1,611
0,516
1,3365

1,1517
0,782
1,258
0,94
1,449
0,498
1,609
0,519
1,3364

1,1516
0,781
1,258
0,96
1,450
0,498
1,606
0,521
1,3364

1,1514
0,782
1,258
0,96
1,452
0,498
1,604
0,522
1,3364

1,1513
0,782
1,258
0,97
1,454
0,497
1,600
0,526
1,3363

1,1511
0,786
1,255
0,97
1,456
0,497
1,597
0,528
1,3363

1,1510
0,791
1,250
0,97
1,458
0,496
1,595
0,530
1,3363

1,1508
0,797
1,245
0,98
1,459
0,496
1,592
0,532
1,3363

1,1507
0,802
1,240
0,98
1,461
0,496
1,590
0,534
1,3362

1,1505
0,808
1,235
0,98
1,463
0,496
1,587
0,536
1,3362

1,1504
0,813
1,230
0,99
1,464
0,496
1,584
0,538
1,3362

1,1502
0,819
1,225
0,99
1,466
0,495
1,582
0,541
1,3361

1,1501
0,824
1,220
0,99
1,469
0,494
1,579
0,543
1,3361

1,1499
0,830
1,215
0,100
1,470
0,494
1,576
0,545
1,3361

1,1498
0,835
1,210
0,100
1,472
0,494
1,573
0,548
1,3360

1,1496
0,841
1,205
0,101
1,472
0,495
1,570
0,550
1,3360

1,1495
0,846
1,200
0,101
1,472
0,496
1,568
0,552
1,3360

1,1493
0,852
1,195
0,101
1,472
0,498
1,565
0,555
1,3359

1,1492
0,857
1,190
0,102
1,471
0,500
1,562
0,557
1,3359

1,1490
0,863
1,185
0,102
1,470
0,503
1,559
0,559
1,3359

1,1489
0,868
1,179
0,103
1,470
0,505
1,556
0,561
1,3359

1,1487
0,874
1,174
0,104
1,469
0,506
1,554
0,564
1,3358

1,1486
0,879
1,169
0,104
1,469
0,508
1,551
0,566
1,3358

1,1484
0,885
1,164
0,104
1,469
0,510
1,548
0,568
1,3358

1,1483
0,891
1,158
0,105
1,468
0,512
1,545
0,571
1,3357

1,1482
0,896
1,153
0,105
1,468
0,514
1,542
0,573
1,3357

1,1480
0,902
1,148
0,106
1,467
0,515
1,540
0,575
1,3357

1,1479
0,907
1,143
0,106
1,467
0,517
1,537
0,578
1,3356

1,1477
0,913
1,138
0,106
1,467
0,519
1,534
0,580
1,3356

1,1476
0,918
1,133
0,107
1,466
0,521
1,526
0,587
1,3356

1,1474
0,924
1,128
0,107
1,466
0,523
1,518
0,595
1,3355

1,1473
0,929
1,123
0,107
1,466
0,524
1,511
0,602
1,3355

1,1471
0,935
1,118
0,108
1,464
0,527
1,503
0,609
1,3355

1,1470
0,940
1,113
0,108
1,464
0,529
1,494
0,617
1,3355

1,1468
0,946
1,108
0,108
1,464
0,531
1,486
0,625
1,3354

1,1467
0,951
1,103
0,109
1,463
0,533
1,478
0,632
1,3354

1,1465
0,957
1,98
0,109
1,463
0,534
1,471
0,639
1,3354

1,1464
0,962
1,92
0,111
1,462
0,536
1,463
0,647
1,3353

1,1462
0,968
1,87
0,111
1,462
0,538
1,455
0,654
1,3353

1,1461
0,973
1,82
0,111
1,462
0,540
1,446
0,662
1,3353

1,1459
0,979
1,77
0,112
1,461
0,542
1,438
0,670
1,3352

1,1458
0,984
1,72
0,112
1,461
0,543
1,431
0,677
1,3352

1,1456
0,990
1,67
0,112
1,461
0,545
1,423
0,684
1,3352

1,1455
0,995
1,62
0,113
1,460
0,547
1,415
0,692
1,3351

1,1453
0,1001
1,57
0,113
1,460
0,549
1,407
0,699
1,3351

1,1452
0,1006
1,52
0,113
1,460
0,551
1,398
0,707
1,3351

1,1450
0,1012
1,47
0,114
1,458
0,553
1,391
0,714
1,3351

1,1449
0,1017
1,42
0,114
1,458
0,555
1,383
0,722
1,3350

1,1447
0,1023
1,37
0,115
1,457
0,557
1,375
0,729
1,3350

1,1446
0,1028
1,32
0,115
1,457
0,559
1,367
0,736
1,3350

1,1444
0,1034
1,27
0,115
1,457
0,561
1,359
0,744
1,3349

1,1443
0,1039
1,22
0,116
1,456
0,562
1,352
0,751
1,3349

1,1441
0,1045
1,16
0,117
1,456
0,564
1,343
0,759
1,3349

1,1440
0,1051
1,10
0,117
1,456
0,566
1,335
0,767
1,3348

1,1438
0,1057
1,5
0,118
1,455
0,568
1,327
0,774
1,3348

1,1437
0,1180
1,455
0,570
1,319
0,781
1,3348

1,1436
0,1181
1,454
0,571
1,312
0,789
1,3347

1,1434
0,1182
1,454
0,573
1,304
0,796
1,3347

1,1433
0,1182
1,453
0,576
1,296
0,803
1,3347

1,1431
0,1184
1,452
0,578
1,287
0,811
1,3347

1,1430
0,1184
1,452
0,580
1,279
0,819
1,3346

1,1428
0,1185
1,452
0,581
1,272
0,826
1,3346

1,1427
0,1186
1,451
0,583
1,264
0,833
1,3346

1,1425
0,1187
1,451
0,585
1,256
0,841
1,3345

1,1424
0,1187
1,451
0,587
1,248
0,848
1,3345

1,1422
0,1189
1,450
0,589
1,239
0,856
1,3345

1,1421
0,1190
1,449
0,590
1,232
0,864
1,3344

1,1419
0,1194
1,446
0,592
1,224
0,871
1,3344

1,1418
0,1199
1,443
0,592
1,216
0,878
1,3344

1,1416
0,1205
1,441
0,591
1,208
0,886
1,3343

1,1415
0,1209
1,439
0,591
1,200
0,893
1,3343

1,1413
0,460
1,5
0,750
1,437
0,589
1,192
0,901
1,3343

1,1412
0,459
1,11
0,750
1,434
0,589
1,184
0,908
1,3343

1,1410
0,460
1,16
0,749
1,433
0,588
1,176
0,916
1,3342

1,1409
0,459
1,23
0,748
1,96
0,4
1,330
0,588
1,168
0,923
1,3342

1,1407
0,460
1,28
0,748
1,90
0,10
1,328
0,587
1,160
0,930
1,3342

1,1406
0,459
1,34
0,748
1,85
0,14
1,326
0,586
1,153
0,938
1,3341

1,1404
0,460
1,39
0,747
1,80
0,20
1,324
0,585
1,145
0,945
1,3341

1,1403
0,459
1,45
0,747
1,75
0,25
1,321
0,585
1,136
0,953
1,3341

1,1401
0,460
1,50
0,747
1,69
0,30
1,320
0,584
1,128
0,961
1,3340

1,1400
0,459
1,57
0,746
1,64
0,35
1,317
0,584
1,120
0,968
1,3340

1,1398
0,460
1,62
0,745
1,59
0,40
1,316
0,582
1,113
0,975
1,3340

1,1397
0,459
1,68
0,745
1,54
0,45
1,312
0,583
1,105
0,983
1,3339

1,1395
0,460
1,73
0,745
1,49
0,50
1,308
0,584
1,97
0,990
1,3339

1,1394
0,459
1,79
0,744
1,44
0,55
1,306
0,584
1,89
0,997
1,3339

1,1393
0,459
1,85
0,743
1,39
0,60
1,302
0,585
1,80
0,1003
1,3341

1,1391
0,459
1,91
0,743
1,33
0,65
1,299
0,585
1,73
0,1009
1,3342

1,1390
0,459
1,96
0,742
1,29
0,70
1,295
0,586
1,65
0,1015
1,3343

1,1388
0,459
1,102
0,742
1,23
0,76
1,291
0,587
1,57
0,1020
1,3345

1,1387
0,459
1,107
0,742
1,18
0,80
1,288
0,588
1,49
0,1026
1,3346

1,1385
0,459
1,113
0,742
1,12
0,86
1,284
0,589
1,41
0,1032
1,3347

1,1384
0,459
1,118
0,741
1,8
0,91
1,280
0,589
1,33
0,1038
1,3349

1,1382
0,459
1,125
0,740
1,3
0,95
1,277
0,590
1,25
0,1044
1,3350

1,1381
0,459
1,130
0,838
1,274
0,590
1,17
0,1050
1,3351

1,1379
0,459
1,136
0,837
1,271
0,591
1,9
0,1055
1,3353

1,1378
0,459
1,141
0,837
1,267
0,592
1,1
0,1061
1,3354

1,1376
0,459
1,147
0,837
1,263
0,1653
1,3355

1,1375
0,459
1,153
0,835
1,260
0,1652
1,3356

1,1373
0,459
1,159
0,835
1,256
0,1650
1,3358

1,1372
0,459
1,164
0,834
1,253
0,1649
1,3359

1,1370
0,459
1,170
0,832
1,252
0,1647
1,3360

1,1369
0,459
1,175
0,827
1,253
0,1645
1,3362

1,1367
0,459
1,181
0,822
1,254
0,1644
1,3363

1,1366
0,459
1,187
0,817
1,254
0,1643
1,3364

1,1365
0,458
1,193
0,812
1,255
0,1641
1,3366

1,1363
0,459
1,198
0,807
1,256
0,1640
1,3367

1,1362
0,458
1,204
0,803
1,256
0,1639
1,3368

1,1360
0,459
1,209
0,798
1,257
0,1637
1,3370

1,1359
0,458
1,215
0,793
1,259
0,1635
1,3371

1,1357
0,459
1,221
0,787
1,259
0,1635
1,3372

1,1356
0,458
1,227
0,783
1,258
0,1634
1,3374

1,1354
0,459
1,232
0,778
1,258
0,1634
1,3375

1,1353
0,458
1,238
0,773
1,258
0,1634
1,3376

1,1351
0,459
1,243
0,768
1,258
0,1633
1,3378

1,1350
0,458
1,249
0,764
1,257
0,1633
1,3379

1,1348
0,459
1,255
0,758
1,257
0,1633
1,3380

1,1347
0,458
1,261
0,753
1,257
0,1632
1,3382

1,1345
0,459
1,266
0,749
1,256
0,1632
1,3383

1,1344
0,458
1,272
0,744
1,256
0,1632
1,3384

1,1342
0,459
1,277
0,739
1,256
0,1631
1,3386

1,1341
0,459
1,282
0,734
1,256
0,1631
1,3387

1,1339
0,459
1,289
0,729
1,255
0,1631
1,3388

1,1338
0,459
1,294
0,726
1,254
0,1630
1,3389

1,1336
0,459
1,300
0,725
1,249
0,1630
1,3391

1,1335
0,459
1,305
0,725
1,244
0,1630
1,3392

1,1333
0,459
1,311
0,724
1,240
0,1630
1,3393

1,1332
0,459
1,317
0,723
1,235
0,1629
1,3395

1,1330
0,459
1,323
0,722
1,231
0,1629
1,3396

1,1329
0,459
1,328
0,722
1,226
0,1629
1,3397

1,1327
0,459
1,334
0,721
1,222
0,1628
1,3399

1,1326
0,459
1,339
0,720
1,218
0,1628
1,3400

1,1325
0,458
1,345
0,720
1,213
0,1628
1,3401

1,1323
0,459
1,350
0,719
1,209
0,1627
1,3403

1,1322
0,458
1,357
0,718
1,204
0,1627
1,3404

1,1320
0,459
1,362
0,717
1,200
0,1627
1,3405

1,1319
0,458
1,368
0,717
1,195
0,1626
1,3407

1,1317
0,459
1,373
0,716
1,192
0,1625
1,3408

1,1316
0,458
1,379
0,715
1,187
0,1626
1,3409

1,1314
0,459
1,384
0,715
1,182
0,1625
1,3411

1,1313
0,458
1,391
0,713
1,178
0,1625
1,3412

1,1311
0,459
1,396
0,713
1,173
0,1625
1,3413

1,1310
0,458
1,402
0,712
1,169
0,1624
1,3415

1,1308
0,459
1,407
0,712
1,164
0,1624
1,3416

1,1307
0,458
1,413
0,711
1,160
0,1624
1,3417

1,1305
0,459
1,419
0,709
1,156
0,1623
1,3419

1,1304
0,458
1,425
0,709
1,151
0,1623
1,3420

1,1302
0,459
1,430
0,708
1,147
0,1623
1,3421

1,1301
0,458
1,436
0,708
1,142
0,1623
1,3422

1,1299
0,459
1,441
0,707
1,138
0,1622
1,3424

1,1298
0,458
1,447
0,707
1,133
0,1622
1,3425

1,1296
0,459
1,452
0,706
1,130
0,1621
1,3426

1,1295
0,458
1,459
0,704
1,54
0,5
1,66
0,1621
1,3428

1,1293
0,459
1,464
0,704
1,49
0,9
1,62
0,1621
1,3429

1,1292
0,458
1,470
0,703
1,45
0,13
1,58
0,1621
1,3430

1,1290
0,459
1,475
0,703
1,40
0,18
1,53
0,1620
1,3432

1,1289
0,458
1,481
0,702
1,35
0,23
1,49
0,1620
1,3433

1,1287
0,459
1,487
0,701
1,30
0,27
1,45
0,1620
1,3434

1,1286
0,458
1,493
0,700
1,26
0,31
1,41
0,1619
1,3436

1,1284
0,459
1,498
0,699
1,22
0,35
1,37
0,1619
1,3437

1,1283
0,458
1,504
0,699
1,16
0,40
1,33
0,1619
1,3438

1,1281
0,459
1,509
0,698
1,12
0,44
1,29
0,1618
1,3440

1,1280
0,458
1,515
0,698
1,7
0,48
1,25
0,1618
1,3441

1,1279
0,458
1,521
0,696
1,2
0,53
1,21
0,1618
1,3442

1,1277
0,458
1,527
0,750
1,17
0,1617
1,3444

1,1276
0,458
1,532
0,749
1,14
0,1616
1,3445

1,1274
0,458
1,538
0,749
1,8
0,1616
1,3447

1,1273
0,458
1,543
0,748
1,4
0,1613
1,3451

1,1271
0,458
1,549
0,2357
1,3455

1,1270
0,458
1,555
0,2347
1,3460

1,1268
0,458
1,561
0,2339
1,3464

1,1267
0,458
1,566
0,2331
1,3468

1,1265
0,458
1,572
0,2323
1,3472

1,1264
0,458
1,577
0,2314
1,3477

1,1262
0,458
1,583
0,2306
1,3481

1,1261
0,458
1,589
0,2297
1,3485

1,1259
0,458
1,595
0,2289
1,3489

1,1258
0,458
1,600
0,2280
1,3494

1,1256
0,458
1,606
0,2272
1,3498

1,1255
0,458
1,611
0,2264
1,3502

1,1253
0,458
1,617
0,2256
1,3506

1,1252
0,458
1,623
0,2246
1,3511

1,1250
0,458
1,629
0,2238
1,3515

1,1249
0,458
1,634
0,2230
1,3519

1,1247
0,458
1,640
0,2222
1,3523

1,1246
0,458
1,645
0,2213
1,3528

1,1244
0,458
1,652
0,2204
1,3532

1,1243
0,458
1,657
0,2196
1,3536

1,1242
0,457
1,663
0,1929
1,9
0,250
1,3540

1,1240
0,458
1,668
0,1917
1,18
0,245
1,3544

1,1239
0,457
1,674
0,1905
1,27
0,239
1,3549

1,1237
0,458
1,679
0,1893
1,36
0,234
1,3553

1,1236
0,457
1,685
0,1881
1,45
0,229
1,3557

1,1234
0,458
1,691
0,1868
1,53
0,225
1,3561

1,1233
0,457
1,697
0,1856
1,62
0,219
1,3566

1,1231
0,458
1,702
0,1844
1,71
0,214
1,3570

1,1230
0,457
1,708
0,1832
1,80
0,209
1,3574

1,1228
0,458
1,713
0,1820
1,89
0,204
1,3578

1,1227
0,457
1,720
0,1807
1,98
0,198
1,3583

1,1225
0,458
1,725
0,1795
1,106
0,194
1,3587

1,1224
0,457
1,731
0,1783
1,115
0,189
1,3591

1,1222
0,458
1,736
0,1771
1,124
0,184
1,3595

1,1221
0,457
1,742
0,1759
1,133
0,178
1,3600

1,1219
0,458
1,747
0,1747
1,142
0,173
1,3604

1,1218
0,457
1,754
0,1734
1,151
0,168
1,3608

1,1216
0,458
1,759
0,1722
1,160
0,163
1,3612

1,1215
0,457
1,765
0,1710
1,168
0,158
1,3617

1,1213
0,458
1,770
0,1698
1,177
0,153
1,3621

1,1212
0,457
1,776
0,1686
1,186
0,148
1,3625

1,1211
0,457
1,781
0,1674
1,195
0,143
1,3629

1,1209
0,457
1,787
0,1662
1,204
0,137
1,3634

1,1208
0,457
1,793
0,1649
1,213
0,132
1,3638

1,1206
0,457
1,799
0,1637
1,221
0,128
1,3642

1,1205
0,457
1,804
0,1625
1,230
0,123
1,3646

1,1203
0,457
1,810
0,1613
1,239
0,117
1,3651

1,1202
0,457
1,815
0,1601
1,248
0,112
1,3655

1,1200
0,457
1,822
0,1587
1,258
0,107
1,3659

1,1199
0,457
1,827
0,1575
1,267
0,102
1,3663

1,1197
0,457
1,833
0,1564
1,274
0,97
1,3668

1,1196
0,457
1,838
0,1551
1,284
0,92
1,3672

1,1194
0,457
1,844
0,1539
1,293
0,87
1,3676

1,1193
0,457
1,849
0,1527
1,302
0,82
1,3680

1,1191
0,457
1,856
0,1514
1,311
0,77
1,3684

1,1190
0,457
1,861
0,1502
1,320
0,71
1,3689

1,1188
0,457
1,867
0,1490
1,329
0,66
1,3693

1,1187
0,457
1,872
0,1478
1,337
0,62
1,3697

1,1185
0,457
1,878
0,1466
1,346
0,57
1,3701

1,1184
0,457
1,883
0,1454
1,355
0,51
1,3706

1,1182
0,457
1,890
0,1441
1,364
0,46
1,3710

1,1181
0,457
1,895
0,1429
1,373
0,41
1,3714

1,1179
0,457
1,901
0,1417
1,382
0,35
1,3719

1,1178
0,457
1,906
0,1405
1,390
0,31
1,3723

1,1176
0,457
1,912
0,1393
1,399
0,26
1,3727

1,1175
0,457
1,917
0,1381
1,408
0,21
1,3731

1,1173
0,457
1,924
0,1368
1,417
0,16
1,3735

1,1172
0,457
1,929
0,1356
1,426
0,10
1,3740

1,1170
0,457
1,935
0,1344
1,435
0,5
1,3744

1,1169
0,457
1,940
0,1332
1,4192

1,1167
0,457
1,946
0,1320
1,4200

1,1166
0,457
1,951
0,1308
1,4208

1,1165
0,456
1,958
0,1295
1,4216

1,1163
0,457
1,963
0,1283
1,4224

1,1162
0,456
1,969
0,1271
1,4232

1,1160
0,457
1,974
0,1259
1,4240

1,1159
0,456
1,980
0,1247
1,4248

1,1157
0,457
1,986
0,1234
1,4256

1,1156
0,456
1,992
0,1222
1,4264

1,1154
0,457
1,997
0,1210
1,4272

1,1153
0,456
1,1003
0,1198
1,4280

1,1151
0,457
1,1008
0,1186
1,4288

1,1150
0,456
1,1014
0,956
1,3
0,215
1,4296

1,1148
0,457
1,1019
0,950
1,5
0,207
1,4304

1,1147
0,456
1,1026
0,942
1,9
0,197
1,4313

1,1145
0,457
1,1031
0,936
1,11
0,190
1,4320

1,1144
0,456
1,1037
0,930
1,14
0,181
1,4328

1,1142
0,457
1,1042
0,924
1,17
0,171
1,4337

1,1141
0,456
1,1048
0,917
1,20
0,164
1,4344

1,1139
0,457
1,1054
0,910
1,23
0,154
1,4353

1,1138
0,456
1,1060
0,904
1,26
0,145
1,4361

1,1136
0,457
1,1065
0,898
1,28
0,137
1,4369

1,1135
0,456
1,1071
0,891
1,32
0,128
1,4377

1,1133
0,457
1,1076
0,885
1,35
0,119
1,4385

1,1132
0,456
1,1082
0,879
1,37
0,111
1,4393

1,1130
0,457
1,1088
0,871
1,41
0,102
1,4401

1,1129
0,456
1,1094
0,865
1,44
0,93
1,4409

1,1127
0,457
1,1099
0,859
1,46
0,85
1,4417

1,1126
0,457
1,1104
0,853
1,49
0,76
1,4425

1,1124
0,457
1,1110
0,847
1,51
0,68
1,4433

1,1123
0,457
1,1115
0,840
1,55
0,59
1,4441

1,1122
0,456
1,1122
0,833
1,58
0,50
1,4449

1,1120
0,457
1,1127
0,827
1,60
0,42
1,4457

1,1119
0,456
1,1133
0,820
1,64
0,33
1,4465

1,1117
0,457
1,1138
0,814
1,67
0,24
1,4473

1,1116
0,456
1,1144
0,808
1,69
0,16
1,4481

1,1114
0,457
1,1149
0,802
1,72
0,7
1,4489

1,1113
0,456
1,1156
0,794
1,4571

1,1111
0,457
1,1161
0,788
1,4573

1,1110
0,456
1,1167
0,782
1,4575

1,1108
0,457
1,1172
0,775
1,4578

1,1107
0,456
1,1178
0,769
1,4580

1,1105
0,457
1,1183
0,763
1,4582

1,1104
0,456
1,1190
0,756
1,4584

1,1102
0,457
1,1195
0,749
1,4587

1,1101
0,456
1,1201
0,743
1,4589

1,1099
0,457
1,1206
0,737
1,4591

1,1098
0,456
1,1212
0,731
1,4593

1,1096
0,457
1,1218
0,723
1,4596

1,1095
0,456
1,1224
0,717
1,4598

1,1094
0,456
1,1229
0,711
1,4600

1,1092
0,456
1,1235
0,705
1,4602

1,1091
0,456
1,1240
0,698
1,4605

1,1089
0,456
1,1246
0,692
1,4607

1,1088
0,456
1,1251
0,686
1,4609

1,1086
0,456
1,1258
0,679
1,4611

1,1085
0,456
1,1263
0,672
1,4614

1,1083
0,456
1,1269
0,666
1,4616

1,1082
0,456
1,1274
0,660
1,4618

1,1080
0,456
1,1280
0,653
1,4621

1,1079
0,456
1,1285
0,647
1,4623

1,1077
0,456
1,1292
0,640
1,4625

1,1076
0,456
1,1297
0,634
1,4627

1,1074
0,456
1,1303
0,627
1,4630

1,1073
0,456
1,1308
0,621
1,4632

1,1071
0,456
1,1314
0,615
1,4634

1,1070
0,456
1,1320
0,608
1,4636

1,1068
0,456
1,1326
0,601
1,4639

1,1067
0,456
1,1331
0,595
1,4641

1,1065
0,456
1,1337
0,589
1,4643

1,1064
0,456
1,1342
0,583
1,4645

1,1062
0,456
1,1348
0,576
1,4648

1,1061
0,456
1,1353
0,570
1,4650

1,1059
0,456
1,1360
0,563
1,4652

1,1058
0,456
1,1365
0,557
1,4654

1,1056
0,456
1,1371
0,550
1,4657

1,1055
0,456
1,1376
0,544
1,4659

1,1053
0,456
1,1382
0,538
1,4661

1,1052
0,456
1,1388
0,530
1,4664

1,1051
0,455
1,1394
0,524
1,4666

1,1049
0,456
1,1399
0,518
1,4668

1,1048
0,455
1,1405
0,512
1,4670

1,1046
0,456
1,1410
0,506
1,4672

1,1045
0,455
1,1416
0,499
1,4675

1,1043
0,456
1,1421
0,493
1,4677

1,1042
0,455
1,1428
0,486
1,4679

1,1040
0,456
1,1433
0,479
1,4682

1,1039
0,455
1,1439
0,473
1,4684

1,1037
0,456
1,1444
0,467
1,4686

1,1039
0,452
1,1450
0,461
1,4688

1,1042
0,448
1,1456
0,453
1,4691

1,1045
0,443
1,1462
0,447
1,4693

1,1047
0,440
1,1467
0,441
1,4695

1,1050
0,435
1,1473
0,435
1,4697

1,1053
0,431
1,1478
0,428
1,4700

1,1056
0,426
1,1484
0,422
1,4702

1,1059
0,422
1,1490
0,415
1,4704

1,1062
0,417
1,1496
0,408
1,4707

1,1065
0,413
1,1501
0,402
1,4709

1,1068
0,408
1,1507
0,396
1,4711

1,1071
0,404
1,1512
0,390
1,4713

1,1074
0,399
1,1518
0,384
1,4715

1,1076
0,396
1,1524
0,376
1,4718

1,1079
0,391
1,1530
0,370
1,4720

1,1082
0,387
1,1535
0,364
1,4722

1,1085
0,382
1,1541
0,357
1,4725

1,1088
0,378
1,1546
0,351
1,4727

1,1091
0,373
1,1553
0,344
1,4729

1,1094
0,369
1,1558
0,338
1,4731

1,1097
0,364
1,1564
0,331
1,4734

1,1100
0,360
1,1569
0,325
1,4736

1,1103
0,355
1,1575
0,319
1,4738

1,1106
0,351
1,1580
0,313
1,4740

1,1108
0,347
1,1586
0,306
1,4743

1,1111
0,343
1,1592
0,299
1,4745

1,1114
0,338
1,1598
0,293
1,4747

1,1117
0,334
1,1603
0,286
1,4750

1,1120
0,329
1,1609
0,280
1,4752

1,1123
0,325
1,1614
0,274
1,4754

1,1126
0,320
1,1621
0,267
1,4756

1,1129
0,316
1,1626
0,261
1,4758

1,1132
0,311
1,1632
0,254
1,4761

1,1135
0,307
1,1637
0,248
1,4763

1,1138
0,302
1,1643
0,242
1,4765

1,1141
0,298
1,1648
0,235
1,4768

1,1143
0,294
1,1655
0,228
1,4770

1,1146
0,290
1,1660
0,222
1,4772

1,1149
0,285
1,1666
0,216
1,4774

1,1152
0,281
1,1671
0,209
1,4777

1,1155
0,276
1,1677
0,203
1,4779

1,1158
0,272
1,1682
0,197
1,4781

1,1161
0,267
1,1688
0,191
1,4783

1,1164
0,263
1,1694
0,183
1,4786

1,1167
0,258
1,1700
0,177
1,4788

1,1170
0,254
1,1705
0,171
1,4790

1,1173
0,249
1,1711
0,164
1,4793

1,1175
0,246
1,1716
0,158
1,4795

1,1178
0,241
1,1723
0,151
1,4797

1,1181
0,237
1,1728
0,145
1,4799

1,1184
0,232
1,1734
0,139
1,4801

1,1187
0,228
1,1739
0,132
1,4804

1,1190
0,223
1,1745
0,126
1,4806

1,1193
0,219
1,1750
0,120
1,4808

1,1196
0,214
1,1756
0,113
1,4811

1,1199
0,210
1,1762
0,106
1,4813

1,1202
0,205
1,1768
0,100
1,4815

1,1205
0,201
1,1773
0,94
1,4817

1,1208
0,196
1,1779
0,87
1,4820

1,1210
0,193
1,1784
0,81
1,4822

1,1213
0,188
1,1791
0,74
1,4824

1,1216
0,184
1,1796
0,67
1,4827

1,1219
0,179
1,1802
0,61
1,4829

1,1222
0,175
1,1807
0,55
1,4831

1,1225
0,170
1,1813
0,49
1,4833

1,1228
0,166
1,1818
0,43
1,4835

1,1231
0,161
1,1825
0,35
1,4838

1,1234
0,157
1,1830
0,29
1,4840

1,1237
0,152
1,1836
0,23
1,4842

1,1240
0,148
1,1841
0,16
1,4845

1,1242
0,144
1,1847
0,10
1,4847

1,1245
0,140
1,1852
0,4
1,4849

1,1248
0,135
1,6707

1,1251
0,131
1,6708

1,1254
0,126
1,6710

1,1257
0,122
1,6711

1,1260
0,117
1,6713

1,1263
0,113
1,6714

1,1266
0,108
1,6716

1,1269
0,104
1,6717

1,1272
0,99
1,6719

1,1275
0,95
1,6720

1,1277
0,91
1,6722

1,1280
0,87
1,6723

1,1283
0,83
1,6724

1,1286
0,78
1,6726

1,1289
0,74
1,6727

1,1292
0,69
1,6729

1,1295
0,65
1,6730

1,1298
0,60
1,6732

1,1301
0,56
1,6733

1,1304
0,51
1,6735

1,1307
0,47
1,6736

1,1309
0,43
1,6738

1,1312
0,39
1,6739

1,1315
0,34
1,6741

1,1318
0,30
1,6742

1,1321
0,25
1,6744

1,1324
0,21
1,6745

1,1327
0,16
1,6747

1,1330
0,12
1,6748

1,1333
0,7
1,6750

1,1336
0,3
1,6751

1,8090

1,8090

1,8090

1,8090

1,8090

1,8090

1,8090

1,8090

1,8090

1,8090

1,8090

1,8090

1,8090

1,8090

1,8090

1,8090

1,8090

1,8090

1,8090

1,8090

1,8090

1,8090

1,8090

1,8090

1,8090

1,8090

1,8090

1,8090

1,8090

1,8090

1,8090

1,8090

1,8090

1,8090

1,8090

1,8090

1,8090

1,8090

1,8090

1,8090

1,8090

1,8090

1,8090

1,8090

1,8090

1,8090

1,8090

1,8090

1,8090

1,8090

1,8090

1,8090

1,8090

1,8090

1,8090

1,8090

1,8090

1,8090

1,8090

1,8090

1,8090

1,8090

1,8090

1,8090

1,8090

1,8090

1,8090

1,8090

1,8090

1,8090

1,8090

1,8090

1,8090

1,8090

1,8090

1,8090

1,8090

1,8090

1,8090

1,8090

1,8090

1,8090

1,8090

1,8090

1,8090

1,8090

1,8090

1,8090

1,8090

1,8090

1,8090

1,8090

1,8090

1,8090

1,8090

1,8090

1,8090

1,8090

1,8090

1,8090

1,8090

1,8090

1,8090

1,8090

1,8090

1,8090

1,8090

1,8090

1,8090

1,8090

1,8090

1,8090

1,8090

1,8090

1,8090

1,8090

1,8090

1,8090

1,8090

1,8090

1,8090

1,8090

1,8090

1,8090

1,8090

1,8090

1,8090

1,8090

1,8090

1,8090

1,8090

1,8090

1,8090

1,8090

1,8090

1,8090

1,8090

1,8090

1,8090

1,8090

1,8090

1,8090

1,8090

1,8090

1,8090

1,8090

1,8090

1,8090

1,8090

1,8090

1,8090

1,8090

1,8090

1,8090

1,8090

1,8090

1,8090

1,8090

1,8090

1,8090

1,8090

1,8090

1,8090

1,8090

1,8090

1,8090

1,8090

1,8090

1,8090

1,8090

1,8090

1,8090

1,8090

1,8090

1,8090

1,8090

1,8090

1,8090

1,8090

1,8090

1,8090

1,8090

1,8090

1,8090

1,8090

1,8090

1,8090

1,8090

1,8090

1,8090

1,8090

1,8090

1,8090

1,8090

1,8090

1,8090

1,8090

1,8090

1,8090

1,8090

1,8090

1,8090

1,8090

1,8090

1,8090

1,8090

1,8090

1,8090

1,8090

1,8090

1,8090

1,8090

1,8090

1,8090

1,8090

1,8090

1,8090

1,8090

1,8090

1,8090

1,8090

1,8090

1,8090

1,8090

1,8090

1,8090

1,8090

1,8090

1,8090

1,8090

1,8090

1,8090

1,8090

1,8090

1,8090

1,8090

1,8090

1,8090

1,8090

1,8090

1,8090

1,8090

1,8090

1,8090

1,8090

1,8090

1,8090

1,8090

1,8090

1,8090

1,8090

1,8090

1,8090

1,8090

1,8090

1,8090

1,8090

1,8090

1,8090

1,8090

1,8090

1,8090

1,8090

1,8090

1,8090

1,8090

1,8090

1,8090

1,8090

1,8090

1,8090

1,8090

1,8090

1,8090

1,8090

1,8090

1,8090

1,8090

1,8090

1,8090

1,8090

1,8090

1,8090

1,8090

1,8090

1,8090

1,8090

1,8090

1,8090

1,8090

1,8090

1,8090

1,8090

1,8090

1,8090

1,8090

1,8090

1,8090

1,8090

1,8090

1,8090

1,8090

1,8090

1,8090

1,8090

1,8090

1,8090

1,8090

1,8090

1,8090

1,8090

1,8090

1,8090

1,8090

1,8090

1,8090

1,8090

1,8090

1,8090

1,8090

1,8090

1,8090

1,8090

1,8090

1,8090

1,8090

1,8090

1,8090

1,8090

1,8090

1,8090

1,8090

1,8090

1,8090

1,8090

1,8090

1,8090

1,8090

1,8090

1,8090

1,8090

1,8090

1,8090

1,8090

1,8090

1,8090

1,8090

1,8090

1,8090

1,8090

1,8090

1,8090

1,8090

1,8090

1,8090

1,8090

1,8090

1,8090

1,8090

1,8090

1,8090

1,8090

1,8090

1,8090

1,8090

1,8090

1,8090

1,8090

1,8090

1,8090

1,8090

1,8090

1,8090

1,8090

1,8090

1,8090

1,8090

1,8090

1,8090

1,8090

1,8090

1,8090

1,8090

1,8090

1,8090

1,8090

1,8090

1,8090

1,8090

1,8090

1,8090

1,8090

1,8090

1,8090

1,8090

1,8090

1,8090

1,8090

1,8090

1,8090

1,8090

1,8090

1,8090

1,8090

1,8090

1,8090

1,8090

1,8090

1,8090

1,8090

1,8090

1,8090

1,8090

1,8090

1,8090

1,8090

1,8090

1,8090

1,8090

1,8090

1,8090

1,8090

1,8090

1,8090

1,8090

1,8090

1,8090

1,8090

1,8090

1,8090

1,8090

1,8090

1,8090

1,8090

1,8090

1,8090

1,8090

1,8090

1,8090

1,8090

1,8090

1,8090

1,8090

1,8090

1,8090

1,8090

1,8090

1,8090

1,8090

1,8090

1,8090

1,8090

1,8090

1,8090

1,8090

1,8090

1,8090

1,8090

1,8090

1,8090

1,8090

1,8090

1,8090

1,8090

1,8090

1,8090

1,8090

1,8090

1,8090

1,8090

1,8090

1,8090

1,8090

1,8090

1,8090

1,8090

1,8090

1,8090

1,8090

1,8090

1,8090

1,8090

1,8090

1,8090

1,8090

1,8090

1,8090

1,8090

1,8090

1,8090

1,8090

1,8090

1,8090

1,8090

1,8090

1,8090

1,8090

1,8090

1,8090

1,8090

1,8090

1,8090

1,8090

1,8090

1,8090

1,8090

1,8090

1,8090

1,8090

1,8090

1,8090

1,8090

1,8090

1,8090

1,8090

1,8090

1,8090

1,8090

1,8090

1,8090

1,8090

1,8090

1,8090

1,8090

1,8090

1,8090

1,8090

1,8090

1,8090

1,8090

1,8090

1,8090

1,8090

1,8090

1,8090

1,8090

1,8090

1,8090

1,8090

1,8090

1,8090

1,8090

1,8090

1,8090

1,8090

1,8090

1,8090

1,8090

1,8090

1,8090

1,8090

1,8090

1,8090

1,8090

1,8090

1,8090

1,8090

1,8090

1,8090

1,8090

1,8090

1,8090

1,8090

1,8090

1,8090

1,8090

1,8090

1,8090

1,8090

1,8090

1,8090

1,8090

1,8090

