1,1000

1,1000

1,1000

1,1000

1,1000

1,1000

1,1000

1,1000

1,1000

1,1000

1,1000

1,1000

1,1000

1,1000

1,1000

1,1000

1,1000

1,1000

1,1000

1,1000

1,1000

1,1000

1,1000

1,1000

1,1000

1,1000

1,1000

1,1000

1,1000

1,1000

1,1000

1,1000

1,1000

1,1000

1,1000

1,1000

1,1000

1,1000

1,1000

1,1000

1,1000

1,1000

1,1000

1,1000

1,1000

1,1000

1,1000

1,1000

1,1000

1,1000

1,1000

1,1000

1,1000

1,1000

1,1000

1,1000

1,1000

1,1000

1,1000

1,1000

1,1000

1,1000

1,1000

1,1000

1,1000

1,1000

1,1000

1,1000

1,1000

1,1000

1,1000

1,1000

1,1000

1,1000

1,1000

1,1000

1,1000

1,1000

1,1000

1,1000

1,1000

1,1000

1,1000

1,1000

1,1000

1,1000

1,1000

1,1000

1,1000

1,1000

1,1000

1,1000

1,1000

1,1000

1,1000

1,1000

1,1000

1,1000

1,1000

1,1000

1,1000

1,1000

1,1000

1,1000

1,1000

1,1000

1,1000

1,1000

1,1000

1,1000

1,1000

1,1000

1,1000

1,1000

1,1000

1,1000

1,1000

1,1000

1,1000

1,1000

1,1000

1,1000

1,1000

1,1000

1,1000

1,1000

1,1000

1,1000

1,1000

1,1000

1,1000

1,1000

1,1000

1,1000

1,1000

1,1000

1,1000

1,1000

1,1000

1,1000

1,1000

1,1000

1,1000

1,1000

1,1000

1,1000

1,1000

1,1000

1,1000

1,1000

1,1000

1,1000

1,1000

1,1000

1,1000

1,1000

1,1000

1,1000

1,1000

1,1000

1,1000

1,1000

1,1000

1,1000

1,1000

1,1000

1,1000

1,1000

1,1000

1,1000

1,1000

1,1000

1,1000

1,1000

1,1000

1,1000

1,1000

1,1000

1,1000

1,1000

1,1000

1,1000

1,1000

1,1000

1,1000

1,1000

1,1000

1,1000

1,1000

1,1000

1,1000

1,1000

1,1000

1,1000

1,1000

1,1000

1,1000

1,1000

1,1000

1,1000

1,1000

1,1000

1,1000

1,1000

1,1000

1,1000

1,1000

1,1000

1,1000

1,1000

1,1000

1,1000

1,1000

1,1000

1,1000

1,1000

1,1000

1,1000

1,1000

1,1000

1,1000

1,1000

1,1000

1,1000

1,1000

1,1000

1,1000

1,1000

1,1000

1,1000

1,1000

1,1000

1,1000

1,1000

1,1000

1,1000

1,1000

1,1000

1,1000

1,1000

1,1000

1,1000

1,1000

1,1000

1,1000

1,1000

1,1000

1,1000

1,1000

1,1000

1,1000

1,1000

1,1000

1,1000

1,1000

1,1000

1,1000

1,1000

1,1000

1,1000

1,1000

1,1000

1,1000

1,1000

1,1000

1,1000

1,1000

1,1000

1,1000

1,1000

1,1000

1,1000

1,1000

1,1000

1,1000

1,1000

1,1000

1,1000

1,1000

1,1000

1,1000

1,1000

1,1000

1,1000

1,1000

1,1000

1,1000

1,1000

1,1000

1,1000

1,1000

1,1000

1,1000

1,1000

1,1000

1,1000

1,1000

1,1000

1,1000

1,1000

1,1000

1,1000

1,1000

1,1000

1,1000

1,1000

1,1000

1,1000

1,1000

1,1000

1,1000

1,1000

1,1000

1,1000

1,1000

1,1000

1,1000

1,1000

1,1000

1,1000

1,1000

1,1000

1,1000

1,1000

1,1000

1,1000

1,1000

1,1000

1,1000

1,1000

1,1000

1,1000

1,1000

1,1000

1,1000

1,1000

1,1000

1,1000

1,1000

1,1000

1,1000

1,1000

1,1000

1,1000

1,1000

1,1000

1,1000

1,1000

1,1000

1,1000

1,1000

1,1000

1,1000

1,1000

1,1000

1,1000

1,1000

1,1000

1,1000

1,1000

1,1000

1,1000

1,1000

1,1000

1,1000

1,1000

1,1000

1,1000

1,1000

1,1000

1,1000

1,1000

1,1000

1,1000

1,1000

1,1000

1,1000

1,1000

1,1000

1,1000

1,1000

1,1000

1,1000

1,1000

1,495
0,1
1,504

1,494
0,4
1,502

1,492
0,8
1,500

1,490
0,11
1,499

1,488
0,15
1,497

1,487
0,18
1,495

1,485
0,22
1,493

1,483
0,25
1,492

1,484
0,26
1,490

1,485
0,27
1,488

1,485
0,29
1,486

1,485
0,31
1,484

1,485
0,32
1,483

1,484
0,35
1,178
0,3
1,300

1,484
0,37
1,175
0,5
1,299

1,482
0,41
1,171
0,9
1,297

1,481
0,43
1,168
0,13
1,295

1,479
0,47
1,164
0,17
1,293

1,467
0,5
1,6
0,50
1,161
0,19
1,292

1,465
0,65
1,157
0,23
1,290

1,463
0,69
1,153
0,27
1,288

1,461
0,72
1,150
0,30
1,287

1,459
0,76
1,146
0,34
1,285

1,458
0,79
1,143
0,37
1,283

1,456
0,83
1,139
0,40
1,282

1,454
0,86
1,136
0,44
1,280

1,452
0,90
1,133
0,47
1,278

1,450
0,94
1,129
0,51
1,276

1,449
0,97
1,125
0,54
1,275

1,447
0,101
1,121
0,58
1,273

1,445
0,104
1,118
0,62
1,271

1,443
0,108
1,115
0,64
1,270

1,441
0,112
1,111
0,68
1,268

1,440
0,115
1,107
0,72
1,266

1,438
0,118
1,105
0,75
1,264

1,436
0,122
1,101
0,78
1,263

1,434
0,126
1,97
0,82
1,261

1,432
0,130
1,93
0,86
1,259

1,430
0,134
1,89
0,89
1,258

1,429
0,136
1,87
0,92
1,256

1,427
0,140
1,83
0,96
1,254

1,425
0,144
1,79
0,99
1,253

1,423
0,148
1,76
0,102
1,251

1,421
0,151
1,73
0,106
1,249

1,420
0,154
1,69
0,110
1,247

1,418
0,158
1,65
0,113
1,246

1,419
0,159
1,62
0,116
1,244

1,420
0,160
1,58
0,120
1,242

1,421
0,160
1,55
0,124
1,240

1,421
0,162
1,51
0,127
1,239

1,422
0,163
1,48
0,130
1,237

1,421
0,166
1,44
0,134
1,235

1,421
0,167
1,41
0,137
1,234

1,419
0,171
1,37
0,141
1,232

1,418
0,174
1,34
0,144
1,230

1,405
0,1
1,10
0,178
1,30
0,148
1,228

1,405
0,4
1,5
0,181
1,27
0,151
1,227

1,403
0,7
1,3
0,184
1,23
0,155
1,225

1,402
0,197
1,20
0,158
1,223

1,400
0,201
1,16
0,162
1,221

1,398
0,205
1,12
0,165
1,220

1,396
0,208
1,9
0,169
1,218

1,395
0,211
1,5
0,173
1,216

1,393
0,393
1,214

1,391
0,396
1,213

1,389
0,400
1,211

1,388
0,403
1,209

1,386
0,406
1,208

1,384
0,410
1,206

1,383
0,413
1,204

1,381
0,417
1,202

1,379
0,420
1,201

1,377
0,424
1,199

1,376
0,427
1,197

1,374
0,431
1,195

1,372
0,434
1,194

1,370
0,438
1,192

1,369
0,441
1,190

1,367
0,444
1,189

1,365
0,448
1,187

1,364
0,451
1,185

1,362
0,455
1,183

1,360
0,458
1,182

1,358
0,462
1,180

1,357
0,465
1,178

1,355
0,469
1,176

1,353
0,472
1,175

1,352
0,475
1,173

1,350
0,479
1,171

1,348
0,483
1,169

1,346
0,487
1,167

1,345
0,486
1,169

1,343
0,487
1,170

1,341
0,487
1,172

1,339
0,488
1,173

1,338
0,487
1,175

1,336
0,488
1,176

1,334
0,488
1,178

1,333
0,487
1,180

1,331
0,488
1,181

1,329
0,488
1,183

1,327
0,488
1,185

1,326
0,487
1,187

1,324
0,488
1,188

1,322
0,488
1,190

1,320
0,488
1,192

1,319
0,488
1,193

1,317
0,488
1,195

1,315
0,488
1,197

1,314
0,487
1,199

1,312
0,488
1,200

1,310
0,488
1,202

1,308
0,488
1,204

1,307
0,488
1,205

1,305
0,488
1,207

1,303
0,488
1,209

1,302
0,488
1,210

1,300
0,488
1,212

1,298
0,488
1,214

1,296
0,488
1,216

1,295
0,488
1,217

1,293
0,488
1,219

1,291
0,488
1,221

1,289
0,488
1,223

1,288
0,488
1,224

1,286
0,488
1,226

1,284
0,488
1,228

1,283
0,488
1,229

1,281
0,488
1,231

1,279
0,488
1,233

1,277
0,488
1,235

1,276
0,488
1,236

1,274
0,488
1,238

1,272
0,488
1,240

1,270
0,489
1,241

1,269
0,488
1,243

1,267
0,488
1,245

1,265
0,489
1,246

1,264
0,488
1,248

1,262
0,488
1,250

1,260
0,488
1,252

1,258
0,489
1,253

1,257
0,488
1,255

1,255
0,490
1,255

1,253
0,492
1,255

1,252
0,496
1,252

1,250
0,500
1,250

1,248
0,503
1,249

1,246
0,507
1,247

1,245
0,510
1,245

1,243
0,513
1,244

1,241
0,517
1,242

1,239
0,521
1,240

1,238
0,524
1,238

1,236
0,527
1,237

1,234
0,531
1,235

1,233
0,534
1,233

1,231
0,537
1,232

1,229
0,541
1,230

1,227
0,545
1,228

1,226
0,545
1,229

1,224
0,546
1,230

1,222
0,546
1,232

1,220
0,546
1,234

1,219
0,546
1,235

1,217
0,546
1,237

1,215
0,546
1,239

1,214
0,545
1,241

1,212
0,546
1,242

1,210
0,546
1,244

1,208
0,546
1,246

1,207
0,545
1,248

1,205
0,546
1,249

1,203
0,546
1,251

1,201
0,546
1,253

1,200
0,546
1,254

1,198
0,546
1,256

1,196
0,546
1,258

1,195
0,546
1,259

1,193
0,545
1,262

1,191
0,547
1,262

1,189
0,550
1,261

1,188
0,552
1,260

1,186
0,556
1,258

1,184
0,559
1,257

1,183
0,562
1,255

1,181
0,565
1,254

1,179
0,569
1,252

1,177
0,572
1,251

1,176
0,575
1,249

1,174
0,579
1,247

1,172
0,583
1,245

1,170
0,586
1,244

1,169
0,589
1,242

1,167
0,593
1,240

1,165
0,597
1,238

1,164
0,599
1,237

1,162
0,603
1,235

1,160
0,607
1,233

1,158
0,610
1,232

1,157
0,613
1,230

1,158
0,614
1,70
0,3
1,155

1,159
0,615
1,66
0,7
1,153

1,161
0,614
1,63
0,11
1,151

1,162
0,1
1,1
0,613
1,60
0,14
1,149

1,165
0,614
1,56
0,17
1,148

1,169
0,612
1,52
0,21
1,146

1,171
0,611
1,49
0,25
1,144

1,173
0,611
1,46
0,27
1,143

1,174
0,612
1,42
0,31
1,141

1,176
0,612
1,38
0,35
1,139

1,178
0,611
1,35
0,39
1,137

1,179
0,612
1,32
0,41
1,136

1,181
0,612
1,28
0,45
1,134

1,183
0,612
1,24
0,49
1,132

1,184
0,612
1,21
0,53
1,130

1,186
0,612
1,17
0,56
1,129

1,188
0,612
1,14
0,59
1,127

1,190
0,611
1,11
0,63
1,125

1,191
0,612
1,5
0,1
1,1
0,66
1,124

1,193
0,612
1,2
0,71
1,122

1,195
0,685
1,120

1,196
0,686
1,118

1,198
0,685
1,117

1,200
0,685
1,115

1,202
0,684
1,114

1,203
0,681
1,116

1,205
0,677
1,118

1,207
0,674
1,119

1,209
0,670
1,121

1,210
0,667
1,123

1,212
0,664
1,124

1,214
0,660
1,126

1,215
0,657
1,128

1,217
0,653
1,130

1,219
0,650
1,131

1,221
0,646
1,133

1,222
0,643
1,135

1,224
0,639
1,137

1,226
0,636
1,138

1,227
0,633
1,140

1,229
0,629
1,142

1,230
0,626
1,144

1,232
0,623
1,145

1,233
0,620
1,147

1,234
0,617
1,149

1,234
0,616
1,150

1,233
0,615
1,152

1,233
0,613
1,154

1,232
0,612
1,156

1,231
0,612
1,157

1,230
0,611
1,159

1,228
0,611
1,161

1,226
0,611
1,163

1,225
0,611
1,164

1,223
0,611
1,166

1,221
0,611
1,168

1,219
0,611
1,170

1,218
0,611
1,171

1,216
0,611
1,173

1,214
0,611
1,175

1,213
0,610
1,177

1,211
0,611
1,178

1,209
0,611
1,180

1,208
0,610
1,182

1,206
0,611
1,183

1,204
0,611
1,185

1,203
0,610
1,187

1,201
0,610
1,189

1,199
0,611
1,190

1,198
0,610
1,192

1,196
0,610
1,194

1,195
0,609
1,196

1,197
0,606
1,197

1,199
0,602
1,199

1,200
0,599
1,201

1,202
0,595
1,203

1,204
0,592
1,204

1,206
0,588
1,206

1,207
0,585
1,208

1,209
0,582
1,209

1,211
0,578
1,211

1,212
0,575
1,213

1,214
0,572
1,214

1,216
0,568
1,216

1,217
0,565
1,218

1,219
0,561
1,220

1,220
0,559
1,221

1,220
0,557
1,223

1,219
0,557
1,224

1,218
0,558
1,224

1,217
0,559
1,224

1,215
0,563
1,222

1,213
0,564
1,223

1,212
0,566
1,222

1,210
0,569
1,221

1,208
0,572
1,220

1,207
0,575
1,218

1,205
0,579
1,216

1,203
0,582
1,215

1,201
0,586
1,213

1,200
0,588
1,212

1,198
0,592
1,210

1,196
0,596
1,208

1,195
0,598
1,207

1,193
0,602
1,205

1,191
0,605
1,204

1,189
0,609
1,202

1,188
0,612
1,200

1,186
0,615
1,199

1,184
0,619
1,197

1,183
0,621
1,196

1,181
0,624
1,195

1,179
0,626
1,195

1,177
0,628
1,195

1,176
0,629
1,195

1,174
0,631
1,195

1,172
0,633
1,195

1,170
0,635
1,195

1,169
0,636
1,195

1,167
0,638
1,195

1,165
0,640
1,195

1,164
0,641
1,195

1,162
0,643
1,195

1,160
0,645
1,195

1,158
0,648
1,194

1,157
0,649
1,194

1,155
0,653
1,192

1,153
0,656
1,191

1,151
0,659
1,190

1,150
0,661
1,189

1,148
0,664
1,188

1,146
0,667
1,187

1,144
0,670
1,186

1,143
0,672
1,185

1,141
0,675
1,184

1,139
0,678
1,183

1,138
0,680
1,182

1,136
0,683
1,181

1,134
0,686
1,180

1,132
0,689
1,179

1,131
0,691
1,178

1,129
0,694
1,177

1,130
0,694
1,176

1,132
0,693
1,175

1,134
0,692
1,174

1,136
0,691
1,173

1,137
0,691
1,172

1,139
0,690
1,171

1,141
0,689
1,170

1,143
0,688
1,169

1,144
0,688
1,168

1,146
0,687
1,167

1,148
0,686
1,166

1,150
0,685
1,165

1,151
0,686
1,163

1,153
0,685
1,162

1,155
0,684
1,161

1,157
0,683
1,160

1,158
0,683
1,159

1,160
0,682
1,158

1,162
0,681
1,157

1,163
0,681
1,156

1,165
0,680
1,155

1,167
0,679
1,154

1,169
0,678
1,153

1,170
0,678
1,152

1,172
0,677
1,151

1,174
0,183
1,3
0,490
1,150

1,176
0,180
1,6
0,489
1,149

1,177
0,177
1,10
0,488
1,148

1,179
0,173
1,14
0,487
1,147

1,181
0,169
1,18
0,486
1,146

1,183
0,166
1,21
0,485
1,145

1,184
0,163
1,24
0,485
1,144

1,186
0,159
1,28
0,484
1,143

1,188
0,155
1,32
0,76
1,2
0,405
1,142

1,190
0,151
1,36
0,72
1,6
0,404
1,141

1,191
0,149
1,39
0,68
1,10
0,403
1,140

1,193
0,145
1,42
0,65
1,14
0,402
1,139

1,195
0,141
1,46
0,62
1,16
0,402
1,138

1,196
0,138
1,50
0,58
1,20
0,401
1,137

1,198
0,134
1,54
0,54
1,24
0,400
1,136

1,200
0,131
1,56
0,51
1,27
0,398
1,137

1,202
0,127
1,60
0,48
1,30
0,395
1,138

1,204
0,123
1,64
0,44
1,34
0,391
1,140

1,205
0,121
1,67
0,40
1,38
0,387
1,142

1,207
0,117
1,70
0,37
1,41
0,384
1,144

1,209
0,113
1,74
0,33
1,45
0,381
1,145

1,211
0,109
1,78
0,30
1,48
0,128
1,2
0,247
1,147

1,212
0,107
1,81
0,26
1,52
0,123
1,6
0,244
1,149

1,214
0,103
1,84
0,23
1,55
0,120
1,10
0,240
1,151

1,216
0,99
1,88
0,19
1,59
0,116
1,14
0,237
1,152

1,218
0,95
1,92
0,16
1,62
0,112
1,18
0,233
1,154

1,219
0,93
1,94
0,13
1,65
0,110
1,20
0,230
1,156

1,221
0,89
1,98
0,9
1,69
0,106
1,24
0,227
1,157

1,223
0,85
1,102
0,6
1,72
0,102
1,28
0,223
1,159

1,224
0,82
1,105
0,3
1,75
0,100
1,30
0,220
1,161

1,226
0,79
1,186
0,96
1,34
0,216
1,163

1,228
0,75
1,190
0,92
1,38
0,213
1,164

1,230
0,71
1,194
0,88
1,42
0,209
1,166

1,231
0,68
1,197
0,86
1,44
0,206
1,168

1,233
0,65
1,200
0,82
1,48
0,203
1,169

1,235
0,61
1,204
0,78
1,52
0,199
1,171

1,237
0,57
1,207
0,75
1,56
0,195
1,173

1,238
0,55
1,210
0,72
1,58
0,192
1,175

1,240
0,51
1,214
0,68
1,62
0,189
1,176

1,242
0,47
1,217
0,65
1,66
0,185
1,178

1,244
0,43
1,221
0,62
1,70
0,180
1,180

1,245
0,41
1,224
0,58
1,73
0,177
1,182

1,247
0,37
1,227
0,55
1,76
0,175
1,183

1,249
0,33
1,231
0,51
1,79
0,172
1,185

1,251
0,29
1,235
0,48
1,81
0,169
1,187

1,252
0,27
1,237
0,45
1,84
0,167
1,188

1,254
0,23
1,241
0,41
1,87
0,164
1,190

1,256
0,19
1,244
0,38
1,90
0,161
1,192

1,258
0,15
1,247
0,36
1,92
0,159
1,193

1,259
0,13
1,248
0,34
1,95
0,156
1,195

1,261
0,9
1,249
0,33
1,97
0,154
1,197

1,263
0,5
1,249
0,34
1,99
0,151
1,199

1,264
0,2
1,250
0,33
1,102
0,149
1,200

1,514
0,33
1,105
0,146
1,202

1,513
0,32
1,108
0,143
1,204

1,511
0,33
1,110
0,141
1,205

1,509
0,33
1,113
0,138
1,207

1,507
0,33
1,116
0,135
1,209

1,506
0,32
1,119
0,132
1,211

1,504
0,33
1,121
0,130
1,212

1,502
0,33
1,123
0,128
1,214

1,501
0,32
1,126
0,125
1,216

1,499
0,32
1,129
0,123
1,217

1,497
0,33
1,131
0,120
1,219

1,496
0,32
1,134
0,117
1,221

1,494
0,32
1,137
0,114
1,223

1,492
0,32
1,140
0,112
1,224

1,491
0,32
1,142
0,109
1,226

1,489
0,32
1,145
0,106
1,228

1,487
0,32
1,147
0,104
1,230

1,486
0,32
1,149
0,102
1,231

1,484
0,32
1,152
0,99
1,233

1,486
0,28
1,155
0,96
1,235

1,488
0,25
1,157
0,94
1,236

1,489
0,22
1,160
0,91
1,238

1,491
0,18
1,163
0,88
1,240

1,493
0,14
1,166
0,85
1,242

1,494
0,12
1,168
0,83
1,243

1,496
0,8
1,171
0,80
1,245

1,498
0,4
1,173
0,78
1,247

1,499
0,3
1,174
0,75
1,249

1,501
0,1
1,175
0,73
1,250

1,678
0,70
1,252

1,679
0,67
1,254

1,680
0,65
1,255

1,681
0,62
1,257

1,682
0,59
1,259

1,683
0,56
1,261

1,683
0,55
1,262

1,684
0,52
1,264

1,685
0,49
1,266

1,686
0,47
1,267

1,687
0,44
1,269

1,688
0,41
1,271

1,689
0,38
1,273

1,690
0,36
1,274

1,691
0,33
1,276

1,692
0,30
1,278

1,692
0,28
1,280

1,693
0,26
1,281

1,694
0,23
1,283

1,695
0,20
1,285

1,696
0,17
1,287

1,697
0,15
1,288

1,698
0,12
1,290

1,699
0,9
1,292

1,700
0,7
1,293

1,700
0,5
1,295

1,701
0,3
1,296

1,1000

1,1000

1,1000

1,1000

1,1000

1,1000

1,1000

1,1000

1,1000

1,1000

1,1000

1,1000

1,1000

1,1000

1,1000

1,1000

1,1000

1,1000

1,1000

1,1000

1,1000

1,1000

1,1000

1,1000

1,1000

1,1000

1,1000

1,1000

1,1000

1,1000

1,1000

1,1000

1,1000

1,1000

1,1000

1,1000

1,1000

1,1000

1,1000

1,1000

1,1000

1,1000

1,1000

1,1000

1,1000

1,1000

1,1000

1,1000

1,1000

1,1000

1,1000

1,1000

1,1000

1,1000

1,1000

1,1000

1,1000

1,1000

1,1000

1,1000

1,1000

1,1000

1,1000

1,1000

1,1000

1,1000

1,1000

1,1000

1,1000

1,1000

1,1000

1,1000

1,1000

1,1000

1,1000

1,1000

1,1000

1,1000

1,1000

1,1000

1,1000

1,1000

1,1000

1,1000

1,1000

1,1000

1,1000

1,1000

1,1000

1,1000

1,1000

1,1000

1,1000

1,1000

1,1000

1,1000

1,1000

1,1000

1,1000

1,1000

1,1000

1,1000

1,1000

1,1000

1,1000

1,1000

1,1000

1,1000

1,1000

1,1000

1,1000

1,1000

1,1000

1,1000

1,1000

1,1000

1,1000

1,1000

1,1000

1,1000

1,1000

1,1000

1,1000

1,1000

1,1000

1,1000

1,1000

1,1000

1,1000

1,1000

1,1000

1,1000

1,1000

1,1000

1,1000

1,1000

1,1000

1,1000

1,1000

