1,1500

1,1500

1,1500

1,1500

1,1500

1,1500

1,1500

1,1500

1,1500

1,1500

1,1500

1,1500

1,1500

1,1500

1,1500

1,1500

1,1500

1,1500

1,1500

1,1500

1,1500

1,1500

1,1500

1,1500

1,1500

1,1500

1,1500

1,1500

1,1500

1,1500

1,1500

1,1500

1,1500

1,1500

1,1500

1,1500

1,1500

1,1500

1,1500

1,1500

1,1500

1,1500

1,1500

1,1500

1,1500

1,1500

1,1500

1,1500

1,1500

1,1500

1,1500

1,1500

1,1500

1,1500

1,1500

1,1500

1,1500

1,1500

1,1500

1,1500

1,1500

1,1500

1,1500

1,1500

1,1500

1,1500

1,1500

1,1500

1,1500

1,1500

1,1500

1,1500

1,1500

1,1500

1,1500

1,1500

1,1500

1,1500

1,1500

1,1500

1,1500

1,1500

1,1500

1,1500

1,1500

1,1500

1,1500

1,1500

1,1500

1,1500

1,1500

1,1500

1,1500

1,1500

1,1500

1,1500

1,1500

1,1500

1,1500

1,1500

1,1500

1,1500

1,1500

1,1500

1,1500

1,1500

1,1500

1,1500

1,1500

1,1500

1,1500

1,1500

1,1500

1,1500

1,1500

1,1500

1,1500

1,1500

1,1500

1,1500

1,1500

1,1500

1,1500

1,1500

1,1500

1,1500

1,1500

1,1500

1,1500

1,1500

1,1500

1,1500

1,1500

1,1500

1,1500

1,1500

1,1500

1,1500

1,1500

1,1500

1,1500

1,1500

1,1500

1,1500

1,1500

1,1500

1,1500

1,1500

1,1500

1,1500

1,1500

1,1500

1,1500

1,1500

1,1500

1,1500

1,1500

1,1500

1,1500

1,1500

1,1500

1,1500

1,1500

1,1500

1,1500

1,1500

1,1500

1,1500

1,1500

1,1500

1,1500

1,1500

1,1500

1,1500

1,1500

1,1500

1,1500

1,1500

1,1500

1,1500

1,1500

1,1500

1,1500

1,1500

1,1500

1,1500

1,1500

1,1500

1,1500

1,1500

1,1500

1,1500

1,1500

1,1500

1,1500

1,1500

1,1500

1,1500

1,1500

1,1500

1,1500

1,1500

1,1500

1,1500

1,1500

1,1500

1,1500

1,1500

1,1500

1,1500

1,1500

1,1500

1,1500

1,1500

1,1500

1,1500

1,1500

1,1500

1,1500

1,1500

1,1500

1,1500

1,1500

1,1500

1,1500

1,1500

1,1500

1,1500

1,1500

1,1500

1,1500

1,1500

1,1500

1,1500

1,1500

1,1500

1,1500

1,1500

1,1500

1,1500

1,1500

1,1500

1,1500

1,1500

1,1500

1,1500

1,1500

1,1500

1,1500

1,1500

1,256
0,3
1,1241

1,254
0,6
1,1240

1,252
0,8
1,1240

1,251
0,10
1,1239

1,249
0,13
1,1238

1,247
0,15
1,1238

1,245
0,18
1,1237

1,244
0,20
1,1236

1,242
0,22
1,1236

1,240
0,25
1,1235

1,238
0,28
1,1234

1,237
0,29
1,1234

1,235
0,32
1,1233

1,233
0,35
1,1232

1,231
0,37
1,1232

1,230
0,39
1,1231

1,228
0,42
1,1230

1,226
0,44
1,1230

1,224
0,47
1,1229

1,223
0,49
1,1228

1,221
0,51
1,1228

1,219
0,54
1,1227

1,217
0,57
1,1226

1,216
0,58
1,1226

1,214
0,61
1,1225

1,212
0,64
1,1224

1,210
0,66
1,1224

1,209
0,68
1,1223

1,207
0,71
1,1222

1,205
0,73
1,1222

1,203
0,76
1,1221

1,202
0,78
1,1220

1,200
0,80
1,1220

1,198
0,83
1,1219

1,196
0,86
1,1218

1,195
0,87
1,1218

1,193
0,90
1,1217

1,191
0,93
1,1216

1,189
0,95
1,1216

1,188
0,97
1,1215

1,186
0,100
1,1214

1,184
0,102
1,1214

1,182
0,105
1,1213

1,181
0,107
1,1212

1,179
0,109
1,1212

1,177
0,112
1,1211

1,175
0,115
1,1210

1,174
0,116
1,1210

1,172
0,119
1,1209

1,170
0,122
1,1208

1,168
0,124
1,58
0,1
1,1149

1,167
0,126
1,55
0,4
1,1148

1,165
0,129
1,53
0,6
1,1147

1,163
0,131
1,51
0,9
1,1146

1,161
0,134
1,49
0,11
1,1145

1,160
0,136
1,46
0,14
1,1144

1,158
0,138
1,45
0,17
1,1142

1,156
0,141
1,42
0,20
1,1141

1,154
0,144
1,40
0,22
1,1140

1,153
0,145
1,39
0,24
1,1139

1,151
0,148
1,38
0,25
1,1138

1,149
0,151
1,37
0,27
1,1136

1,147
0,153
1,37
0,28
1,1135

1,146
0,155
1,36
0,29
1,1134

1,144
0,158
1,35
0,30
1,1133

1,142
0,160
1,35
0,31
1,1132

1,140
0,163
1,34
0,32
1,1131

1,139
0,165
1,33
0,34
1,1129

1,137
0,167
1,32
0,36
1,1128

1,135
0,170
1,31
0,37
1,1127

1,133
0,173
1,30
0,38
1,1126

1,132
0,174
1,30
0,39
1,1125

1,130
0,177
1,29
0,41
1,1123

1,130
0,178
1,27
0,43
1,1122

1,128
0,180
1,26
0,45
1,1121

1,127
0,182
1,23
0,48
1,1120

1,126
0,184
1,20
0,51
1,1119

1,124
0,186
1,18
0,54
1,1118

1,123
0,188
1,15
0,58
1,1116

1,121
0,191
1,12
0,61
1,1115

1,121
0,191
1,10
0,64
1,1114

1,121
0,192
1,7
0,67
1,1113

1,122
0,192
1,3
0,71
1,1112

1,122
0,193
1,1
0,74
1,1110

1,123
0,268
1,1109

1,123
0,269
1,1108

1,123
0,270
1,1107

1,124
0,270
1,1106

1,125
0,270
1,1105

1,126
0,271
1,1103

1,126
0,272
1,1102

1,127
0,272
1,1101

1,128
0,272
1,1100

1,129
0,272
1,1099

1,130
0,273
1,1097

1,131
0,273
1,1096

1,132
0,273
1,1095

1,133
0,273
1,1094

1,133
0,274
1,1093

1,134
0,274
1,1092

1,134
0,276
1,1090

1,135
0,276
1,1089

1,136
0,276
1,1088

1,136
0,277
1,1087

1,137
0,277
1,1086

1,137
0,279
1,1084

1,138
0,279
1,1083

1,139
0,279
1,1082

1,139
0,280
1,1081

1,140
0,280
1,1080

1,140
0,281
1,1079

1,141
0,282
1,1077

1,141
0,283
1,1076

1,141
0,284
1,1075

1,142
0,284
1,1074

1,142
0,285
1,1073

1,143
0,286
1,1071

1,144
0,286
1,1070

1,145
0,286
1,1069

1,146
0,286
1,1068

1,147
0,286
1,1067

1,147
0,287
1,1066

1,148
0,288
1,1064

1,148
0,289
1,1063

1,149
0,289
1,1062

1,150
0,289
1,1061

1,150
0,290
1,1060

1,151
0,291
1,1058

1,152
0,291
1,1057

1,152
0,292
1,1056

1,153
0,292
1,1055

1,154
0,292
1,408
0,1
1,645

1,154
0,294
1,405
0,3
1,644

1,155
0,294
1,402
0,5
1,644

1,156
0,294
1,400
0,7
1,643

1,156
0,295
1,397
0,10
1,642

1,157
0,295
1,394
0,13
1,641

1,157
0,296
1,391
0,16
1,640

1,158
0,297
1,388
0,18
1,639

1,159
0,297
1,385
0,21
1,638

1,159
0,298
1,382
0,25
1,636

1,160
0,298
1,379
0,28
1,635

1,161
0,298
1,377
0,30
1,634

1,161
0,300
1,373
0,33
1,633

1,162
0,300
1,370
0,36
1,632

1,163
0,300
1,368
0,38
1,631

1,163
0,301
1,365
0,41
1,630

1,164
0,301
1,362
0,44
1,629

1,165
0,301
1,359
0,47
1,628

1,166
0,302
1,356
0,49
1,627

1,166
0,303
1,353
0,52
1,626

1,167
0,303
1,350
0,55
1,625

1,167
0,304
1,347
0,58
1,624

1,168
0,302
1,347
0,60
1,623

1,168
0,301
1,346
0,64
1,621

1,169
0,298
1,346
0,67
1,620

1,169
0,297
1,346
0,69
1,619

1,170
0,295
1,345
0,72
1,618

1,170
0,293
1,345
0,75
1,617

1,171
0,291
1,344
0,78
1,616

1,171
0,289
1,345
0,80
1,615

1,172
0,287
1,344
0,83
1,614

1,172
0,285
1,344
0,86
1,613

1,172
0,284
1,343
0,89
1,612

1,171
0,283
1,344
0,91
1,611

1,171
0,282
1,343
0,94
1,610

1,170
0,281
1,343
0,97
1,609

1,168
0,282
1,343
0,99
1,608

1,167
0,281
1,343
0,102
1,607

1,166
0,281
1,342
0,106
1,605

1,164
0,281
1,342
0,109
1,604

1,147
0,3
1,12
0,282
1,342
0,111
1,603

1,145
0,8
1,6
0,284
1,341
0,114
1,602

1,143
0,298
1,341
0,117
1,601

1,141
0,299
1,340
0,120
1,600

1,139
0,299
1,341
0,122
1,599

1,141
0,296
1,340
0,125
1,598

1,142
0,294
1,339
0,128
1,597

1,143
0,293
1,338
0,130
1,596

1,144
0,292
1,336
0,133
1,595

1,145
0,292
1,333
0,136
1,594

1,146
0,291
1,331
0,139
1,593

1,147
0,291
1,329
0,141
1,592

1,148
0,290
1,327
0,144
1,591

1,150
0,289
1,324
0,148
1,589

1,151
0,288
1,322
0,151
1,588

1,152
0,288
1,320
0,153
1,587

1,152
0,288
1,318
0,156
1,586

1,153
0,289
1,314
0,159
1,585

1,154
0,289
1,312
0,161
1,584

1,155
0,289
1,309
0,164
1,583

1,156
0,289
1,306
0,167
1,582

1,158
0,288
1,303
0,170
1,581

1,159
0,288
1,301
0,172
1,580

1,160
0,289
1,297
0,175
1,579

1,161
0,289
1,294
0,178
1,578

1,163
0,288
1,291
0,181
1,577

1,164
0,288
1,289
0,183
1,576

1,164
0,289
1,286
0,186
1,575

1,164
0,290
1,283
0,190
1,573

1,162
0,294
1,280
0,192
1,572

1,160
0,297
1,277
0,195
1,571

1,158
0,300
1,274
0,198
1,570

1,156
0,303
1,271
0,202
1,568

1,155
0,305
1,269
0,204
1,567

1,153
0,309
1,265
0,208
1,565

1,151
0,312
1,262
0,211
1,564

1,149
0,315
1,259
0,214
1,563

1,148
0,317
1,257
0,216
1,562

1,146
0,320
1,254
0,219
1,561

1,144
0,323
1,251
0,222
1,560

1,143
0,326
1,248
0,224
1,559

1,141
0,329
1,245
0,227
1,558

1,139
0,332
1,242
0,230
1,557

1,137
0,335
1,239
0,233
1,556

1,136
0,337
1,237
0,236
1,554

1,134
0,340
1,234
0,239
1,553

1,132
0,344
1,230
0,242
1,552

1,130
0,347
1,227
0,245
1,551

1,129
0,349
1,225
0,247
1,550

1,127
0,352
1,222
0,250
1,549

1,125
0,355
1,219
0,254
1,547

1,123
0,358
1,217
0,256
1,546

1,121
0,362
1,213
0,259
1,545

1,121
0,363
1,210
0,262
1,544

1,122
0,363
1,207
0,265
1,543

1,123
0,363
1,205
0,267
1,542

1,125
0,362
1,202
0,270
1,541

1,126
0,362
1,199
0,273
1,540

1,127
0,363
1,196
0,276
1,538

1,128
0,363
1,193
0,279
1,537

1,129
0,363
1,190
0,282
1,536

1,130
0,363
1,187
0,285
1,535

1,132
0,362
1,185
0,287
1,534

1,133
0,363
1,181
0,290
1,533

1,134
0,363
1,178
0,293
1,532

1,135
0,363
1,175
0,297
1,530

1,136
0,363
1,173
0,299
1,529

1,137
0,363
1,170
0,302
1,528

1,138
0,363
1,167
0,305
1,527

1,140
0,363
1,164
0,307
1,526

1,141
0,363
1,161
0,310
1,525

1,142
0,363
1,74
0,2
1,82
0,314
1,523

1,143
0,363
1,72
0,4
1,79
0,317
1,522

1,144
0,363
1,69
0,8
1,76
0,319
1,521

1,145
0,363
1,67
0,10
1,73
0,322
1,520

1,147
0,363
1,63
0,13
1,70
0,325
1,519

1,148
0,363
1,61
0,15
1,67
0,328
1,518

1,149
0,363
1,58
0,19
1,64
0,331
1,516

1,150
0,363
1,56
0,21
1,61
0,334
1,515

1,151
0,363
1,53
0,24
1,58
0,337
1,514

1,152
0,363
1,50
0,28
1,55
0,339
1,513

1,154
0,363
1,47
0,30
1,52
0,342
1,512

1,155
0,363
1,44
0,33
1,49
0,345
1,511

1,156
0,363
1,42
0,35
1,46
0,348
1,510

1,157
0,363
1,39
0,39
1,43
0,351
1,508

1,158
0,363
1,37
0,41
1,40
0,354
1,507

1,159
0,363
1,34
0,44
1,37
0,357
1,506

1,160
0,364
1,31
0,46
1,34
0,360
1,505

1,162
0,364
1,27
0,50
1,31
0,362
1,504

1,163
0,364
1,24
0,53
1,28
0,365
1,503

1,164
0,374
1,12
0,55
1,25
0,368
1,502

1,165
0,441
1,23
0,371
1,500

1,166
0,442
1,19
0,374
1,499

1,167
0,442
1,16
0,377
1,498

1,169
0,441
1,13
0,380
1,497

1,170
0,442
1,10
0,382
1,496

1,171
0,442
1,7
0,385
1,495

1,172
0,442
1,3
0,389
1,494

1,173
0,835
1,492

1,174
0,835
1,491

1,175
0,47
1,4
0,784
1,490

1,177
0,45
1,5
0,784
1,489

1,178
0,42
1,8
0,784
1,488

1,179
0,39
1,11
0,784
1,487

1,180
0,36
1,14
0,784
1,486

1,181
0,34
1,17
0,784
1,484

1,182
0,31
1,20
0,784
1,483

1,183
0,28
1,23
0,784
1,482

1,185
0,25
1,25
0,784
1,481

1,186
0,22
1,28
0,784
1,480

1,187
0,19
1,31
0,784
1,479

1,188
0,17
1,33
0,784
1,478

1,189
0,14
1,37
0,784
1,476

1,190
0,11
1,40
0,784
1,475

1,191
0,9
1,42
0,784
1,474

1,193
0,5
1,45
0,784
1,473

1,194
0,3
1,47
0,784
1,472

1,245
0,784
1,471

1,246
0,784
1,470

1,248
0,784
1,468

1,249
0,784
1,467

1,250
0,784
1,466

1,251
0,784
1,465

1,252
0,784
1,464

1,253
0,784
1,463

1,254
0,784
1,462

1,255
0,785
1,460

1,257
0,784
1,459

1,258
0,784
1,458

1,259
0,784
1,457

1,260
0,784
1,456

1,261
0,784
1,455

1,262
0,785
1,453

1,263
0,785
1,452

1,265
0,784
1,451

1,266
0,784
1,450

1,267
0,784
1,449

1,268
0,784
1,448

1,269
0,785
1,446

1,270
0,785
1,445

1,271
0,785
1,444

1,272
0,785
1,443

1,273
0,785
1,442

1,274
0,785
1,441

1,276
0,784
1,440

1,277
0,784
1,439

1,278
0,785
1,437

1,279
0,785
1,436

1,280
0,785
1,435

1,281
0,785
1,434

1,282
0,785
1,433

1,283
0,785
1,432

1,284
0,786
1,430

1,285
0,783
1,432

1,286
0,780
1,434

1,287
0,777
1,436

1,287
0,775
1,438

1,287
0,774
1,439

1,287
0,772
1,441

1,285
0,772
1,443

1,283
0,772
1,445

1,281
0,773
1,446

1,280
0,772
1,448

1,278
0,772
1,450

1,276
0,772
1,452

1,275
0,772
1,453

1,273
0,772
1,455

1,271
0,772
1,457

1,269
0,772
1,459

1,268
0,772
1,460

1,266
0,772
1,462

1,264
0,772
1,464

1,262
0,773
1,465

1,260
0,773
1,467

1,260
0,771
1,469

1,262
0,767
1,471

1,263
0,764
1,473

1,264
0,762
1,474

1,265
0,759
1,476

1,266
0,756
1,478

1,267
0,753
1,480

1,268
0,751
1,481

1,270
0,747
1,483

1,271
0,744
1,485

1,272
0,741
1,487

1,273
0,739
1,488

1,274
0,736
1,490

1,275
0,733
1,492

1,277
0,729
1,494

1,278
0,727
1,495

1,279
0,724
1,497

1,280
0,721
1,499

1,281
0,719
1,500

1,282
0,716
1,502

1,283
0,713
1,504

1,285
0,709
1,506

1,286
0,707
1,507

1,287
0,704
1,509

1,288
0,701
1,511

1,289
0,698
1,513

1,290
0,696
1,514

1,292
0,692
1,516

1,293
0,689
1,518

1,294
0,686
1,520

1,295
0,684
1,521

1,296
0,681
1,523

1,297
0,678
1,525

1,298
0,676
1,526

1,299
0,673
1,528

1,301
0,669
1,530

1,302
0,666
1,532

1,303
0,664
1,533

1,304
0,661
1,535

1,305
0,658
1,537

1,306
0,655
1,539

1,308
0,652
1,540

1,309
0,649
1,542

1,310
0,646
1,544

1,311
0,644
1,545

1,312
0,641
1,547

1,313
0,638
1,549

1,314
0,635
1,551

1,316
0,632
1,552

1,317
0,629
1,554

1,318
0,626
1,556

1,319
0,623
1,558

1,320
0,621
1,559

1,321
0,618
1,561

1,323
0,614
1,563

1,324
0,611
1,565

1,325
0,609
1,566

1,326
0,606
1,568

1,327
0,603
1,570

1,328
0,600
1,572

1,329
0,598
1,573

1,331
0,594
1,575

1,332
0,591
1,577

1,333
0,589
1,578

1,334
0,586
1,580

1,335
0,583
1,582

1,336
0,580
1,584

1,337
0,578
1,585

1,339
0,574
1,587

1,340
0,571
1,589

1,341
0,568
1,591

1,342
0,566
1,592

1,343
0,563
1,594

1,344
0,560
1,596

1,345
0,557
1,598

1,346
0,555
1,599

1,348
0,551
1,601

1,349
0,548
1,603

1,350
0,546
1,604

1,351
0,543
1,606

1,352
0,540
1,608

1,353
0,537
1,610

1,355
0,534
1,611

1,356
0,531
1,613

1,357
0,528
1,615

1,358
0,525
1,617

1,359
0,523
1,618

1,360
0,520
1,620

1,362
0,516
1,622

1,363
0,513
1,624

1,364
0,511
1,625

1,365
0,508
1,627

1,366
0,505
1,629

1,367
0,502
1,631

1,369
0,499
1,632

1,370
0,496
1,634

1,371
0,493
1,636

1,372
0,491
1,637

1,373
0,488
1,639

1,374
0,485
1,641

1,375
0,482
1,643

1,376
0,480
1,644

1,378
0,476
1,646

1,379
0,473
1,648

1,380
0,471
1,649

1,381
0,468
1,651

1,382
0,465
1,653

1,383
0,463
1,654

1,385
0,459
1,656

1,386
0,456
1,658

1,387
0,454
1,659

1,388
0,451
1,661

1,389
0,448
1,663

1,390
0,446
1,664

1,391
0,444
1,665

1,393
0,442
1,665

1,394
0,441
1,665

1,395
0,441
1,664

1,396
0,440
1,664

1,397
0,440
1,663

1,398
0,440
1,662

1,400
0,439
1,661

1,401
0,439
1,660

1,402
0,439
1,659

1,403
0,439
1,658

1,404
0,439
1,657

1,405
0,439
1,656

1,407
0,438
1,655

1,408
0,439
1,653

1,409
0,439
1,652

1,410
0,439
1,651

1,411
0,439
1,650

1,412
0,439
1,649

1,413
0,439
1,648

1,414
0,439
1,647

1,414
0,441
1,645

1,414
0,442
1,644

1,410
0,447
1,643

1,408
0,450
1,642

1,407
0,452
1,641

1,405
0,455
1,640

1,403
0,458
1,639

1,402
0,460
1,638

1,400
0,464
1,636

1,398
0,467
1,635

1,397
0,469
1,634

1,395
0,472
1,633

1,394
0,474
1,632

1,392
0,477
1,631

1,390
0,481
1,629

1,389
0,483
1,628

1,387
0,486
1,627

1,385
0,489
1,626

1,383
0,492
1,625

1,382
0,494
1,624

1,380
0,497
1,623

1,378
0,501
1,621

1,376
0,504
1,620

1,375
0,506
1,619

1,373
0,509
1,618

1,371
0,512
1,617

1,369
0,515
1,616

1,368
0,517
1,615

1,366
0,520
1,614

1,364
0,524
1,612

1,362
0,527
1,611

1,361
0,529
1,610

1,359
0,532
1,609

1,357
0,535
1,608

1,356
0,537
1,607

1,354
0,541
1,605

1,352
0,544
1,604

1,350
0,547
1,603

1,348
0,550
1,602

1,347
0,552
1,601

1,345
0,555
1,600

1,344
0,558
1,598

1,342
0,561
1,597

1,341
0,563
1,596

1,342
0,563
1,595

1,343
0,563
1,594

1,344
0,563
1,593

1,345
0,563
1,592

1,347
0,563
1,590

1,348
0,563
1,589

1,349
0,563
1,588

1,350
0,563
1,587

1,351
0,563
1,586

1,352
0,563
1,585

1,353
0,564
1,583

1,355
0,563
1,582

1,356
0,563
1,581

1,357
0,563
1,580

1,358
0,563
1,579

1,359
0,563
1,578

1,360
0,563
1,577

1,361
0,564
1,575

1,363
0,563
1,574

1,364
0,563
1,573

1,365
0,563
1,572

1,366
0,563
1,571

1,367
0,563
1,570

1,368
0,564
1,568

1,369
0,564
1,567

1,371
0,563
1,566

1,372
0,120
1,2
0,441
1,565

1,373
0,118
1,4
0,441
1,564

1,374
0,115
1,7
0,441
1,563

1,375
0,112
1,11
0,440
1,562

1,376
0,110
1,13
0,441
1,560

1,377
0,107
1,16
0,441
1,559

1,378
0,104
1,20
0,440
1,558

1,380
0,100
1,23
0,440
1,557

1,381
0,97
1,26
0,440
1,556

1,382
0,95
1,28
0,440
1,555

1,383
0,92
1,31
0,440
1,554

1,384
0,89
1,34
0,441
1,552

1,385
0,86
1,38
0,440
1,551

1,386
0,83
1,41
0,440
1,550

1,388
0,80
1,43
0,440
1,549

1,389
0,77
1,46
0,440
1,548

1,390
0,74
1,49
0,440
1,547

1,391
0,71
1,52
0,440
1,546

1,392
0,69
1,55
0,440
1,544

1,393
0,66
1,58
0,440
1,543

1,394
0,63
1,61
0,440
1,542

1,396
0,59
1,64
0,440
1,541

1,397
0,57
1,66
0,440
1,540

1,398
0,54
1,69
0,440
1,539

1,399
0,51
1,72
0,441
1,537

1,400
0,49
1,75
0,440
1,536

1,401
0,46
1,78
0,440
1,535

1,402
0,43
1,81
0,440
1,534

1,403
0,40
1,84
0,440
1,533

1,405
0,37
1,86
0,440
1,532

1,406
0,34
1,90
0,439
1,531

1,407
0,31
1,93
0,440
1,529

1,408
0,28
1,96
0,440
1,528

1,409
0,26
1,98
0,440
1,527

1,410
0,23
1,101
0,440
1,526

1,411
0,20
1,104
0,440
1,525

1,412
0,18
1,107
0,439
1,524

1,413
0,15
1,110
0,440
1,522

1,415
0,11
1,113
0,440
1,521

1,416
0,8
1,116
0,440
1,520

1,417
0,5
1,119
0,440
1,519

1,418
0,3
1,121
0,440
1,518

1,419
0,1
1,123
0,440
1,517

1,545
0,439
1,516

1,546
0,440
1,514

1,547
0,440
1,513

1,548
0,440
1,512

1,549
0,440
1,511

1,550
0,440
1,510

1,551
0,440
1,509

1,553
0,440
1,507

1,554
0,440
1,506

1,555
0,440
1,505

1,556
0,440
1,504

1,557
0,440
1,503

1,558
0,56
1,1
0,383
1,502

1,559
0,52
1,6
0,382
1,501

1,561
0,48
1,9
0,383
1,499

1,562
0,45
1,13
0,382
1,498

1,563
0,42
1,16
0,382
1,497

1,564
0,40
1,18
0,382
1,496

1,565
0,37
1,21
0,382
1,495

1,566
0,34
1,24
0,382
1,494

1,568
0,30
1,28
0,381
1,493

1,569
0,28
1,30
0,382
1,491

1,570
0,25
1,33
0,382
1,490

1,571
0,22
1,36
0,382
1,489

1,572
0,20
1,38
0,382
1,488

1,573
0,17
1,41
0,382
1,487

1,574
0,14
1,45
0,381
1,486

1,576
0,11
1,47
0,382
1,484

1,577
0,8
1,50
0,382
1,483

1,578
0,6
1,52
0,382
1,482

1,579
0,3
1,55
0,382
1,481

1,580
0,1
1,58
0,381
1,480

1,640
0,381
1,479

1,641
0,381
1,478

1,642
0,382
1,476

1,643
0,382
1,475

1,644
0,382
1,474

1,646
0,381
1,473

1,647
0,381
1,472

1,648
0,381
1,471

1,649
0,381
1,470

1,650
0,382
1,468

1,651
0,382
1,467

1,652
0,382
1,466

1,654
0,381
1,465

1,655
0,381
1,464

1,656
0,381
1,463

1,657
0,381
1,462

1,658
0,382
1,460

1,659
0,382
1,459

1,660
0,382
1,458

1,662
0,381
1,457

1,663
0,381
1,456

1,664
0,381
1,455

1,665
0,381
1,454

1,666
0,382
1,452

1,667
0,382
1,451

1,669
0,381
1,450

1,670
0,381
1,449

1,671
0,381
1,448

1,672
0,381
1,447

1,673
0,382
1,445

1,674
0,382
1,444

1,675
0,382
1,443

1,677
0,381
1,442

1,678
0,381
1,441

1,679
0,381
1,440

1,679
0,382
1,439

1,679
0,384
1,437

1,678
0,386
1,436

1,676
0,389
1,435

1,675
0,391
1,434

1,673
0,394
1,433

1,671
0,397
1,432

1,670
0,399
1,431

1,668
0,403
1,429

1,666
0,406
1,428

1,665
0,408
1,427

1,663
0,411
1,426

1,661
0,414
1,425

1,659
0,43
1,3
0,371
1,424

1,658
0,42
1,6
0,372
1,422

1,656
0,42
1,10
0,371
1,421

1,654
0,43
1,12
0,371
1,420

1,653
0,42
1,15
0,371
1,419

1,651
0,42
1,18
0,371
1,418

1,649
0,42
1,21
0,371
1,417

1,647
0,43
1,23
0,371
1,416

1,646
0,42
1,27
0,371
1,414

1,647
0,39
1,30
0,371
1,413

1,649
0,36
1,32
0,371
1,412

1,650
0,33
1,35
0,371
1,411

1,651
0,30
1,38
0,371
1,410

1,652
0,28
1,40
0,371
1,409

1,653
0,25
1,44
0,371
1,407

1,654
0,22
1,47
0,371
1,406

1,655
0,20
1,49
0,371
1,405

1,657
0,16
1,52
0,371
1,404

1,658
0,13
1,55
0,371
1,403

1,659
0,10
1,58
0,371
1,402

1,660
0,8
1,61
0,370
1,401

1,661
0,5
1,64
0,371
1,399

1,662
0,3
1,66
0,371
1,398

1,732
0,371
1,397

1,733
0,371
1,396

1,734
0,371
1,395

1,735
0,371
1,394

1,737
0,371
1,392

1,738
0,371
1,391

1,739
0,371
1,390

1,740
0,371
1,389

1,741
0,371
1,388

1,742
0,371
1,387

1,744
0,371
1,385

1,745
0,371
1,384

1,746
0,371
1,383

1,747
0,371
1,382

1,748
0,371
1,381

1,749
0,371
1,380

1,750
0,371
1,379

1,752
0,371
1,377

1,753
0,371
1,376

1,754
0,371
1,375

1,755
0,371
1,374

1,756
0,371
1,373

1,757
0,371
1,372

1,759
0,371
1,370

1,760
0,371
1,369

1,761
0,371
1,368

1,762
0,371
1,367

1,763
0,371
1,366

1,764
0,371
1,365

1,765
0,371
1,364

1,766
0,372
1,362

1,766
0,373
1,361

1,767
0,373
1,360

1,767
0,374
1,359

1,766
0,376
1,358

1,764
0,379
1,357

1,762
0,383
1,355

1,761
0,385
1,354

1,759
0,388
1,353

1,757
0,391
1,352

1,755
0,394
1,351

1,754
0,396
1,350

1,752
0,399
1,349

1,750
0,403
1,347

1,748
0,406
1,346

1,747
0,408
1,345

1,745
0,411
1,344

1,743
0,414
1,343

1,741
0,417
1,342

1,740
0,420
1,340

1,738
0,423
1,339

1,736
0,426
1,338

1,734
0,429
1,337

1,732
0,432
1,336

1,731
0,434
1,335

1,729
0,437
1,334

1,728
0,440
1,332

1,729
0,440
1,331

1,730
0,440
1,330

1,731
0,440
1,329

1,733
0,439
1,328

1,734
0,439
1,327

1,735
0,440
1,325

1,736
0,440
1,324

1,737
0,440
1,323

1,738
0,440
1,322

1,739
0,440
1,321

1,741
0,439
1,320

1,742
0,440
1,318

1,743
0,440
1,317

1,744
0,440
1,316

1,745
0,440
1,315

1,746
0,440
1,314

1,748
0,439
1,313

1,749
0,439
1,312

1,750
0,439
1,311

1,751
0,440
1,309

1,752
0,440
1,308

1,753
0,440
1,307

1,754
0,440
1,306

1,756
0,439
1,305

1,757
0,439
1,304

1,758
0,440
1,302

1,759
0,440
1,301

1,760
0,440
1,300

1,761
0,440
1,299

1,763
0,439
1,298

1,764
0,439
1,297

1,765
0,439
1,296

1,766
0,440
1,294

1,767
0,440
1,293

1,768
0,440
1,292

1,769
0,440
1,291

1,771
0,439
1,290

1,772
0,439
1,289

1,773
0,440
1,287

1,774
0,440
1,286

1,775
0,440
1,285

1,776
0,440
1,284

1,778
0,439
1,283

1,779
0,439
1,282

1,780
0,439
1,281

1,781
0,440
1,279

1,782
0,440
1,278

1,783
0,440
1,277

1,784
0,440
1,276

1,786
0,439
1,275

1,787
0,439
1,274

1,788
0,440
1,272

1,789
0,440
1,271

1,790
0,440
1,270

1,791
0,440
1,269

1,793
0,439
1,268

1,794
0,439
1,267

1,795
0,439
1,266

1,796
0,440
1,264

1,797
0,440
1,263

1,798
0,440
1,262

1,800
0,439
1,261

1,801
0,439
1,260

1,802
0,439
1,259

1,803
0,439
1,258

1,804
0,440
1,256

1,805
0,440
1,255

1,806
0,440
1,254

1,808
0,439
1,253

1,809
0,439
1,252

1,810
0,439
1,251

1,811
0,440
1,249

1,812
0,440
1,248

1,813
0,440
1,247

1,815
0,439
1,246

1,816
0,439
1,245

1,817
0,439
1,244

1,818
0,440
1,242

1,819
0,440
1,241

1,820
0,440
1,240

1,821
0,440
1,239

1,823
0,439
1,238

1,824
0,439
1,237

1,825
0,439
1,236

1,826
0,440
1,234

1,827
0,440
1,233

1,828
0,440
1,232

1,829
0,440
1,231

1,831
0,439
1,230

1,832
0,439
1,229

1,833
0,440
1,227

1,834
0,440
1,226

1,835
0,440
1,225

1,836
0,440
1,224

1,838
0,439
1,223

1,839
0,439
1,222

1,840
0,439
1,221

1,841
0,440
1,219

1,842
0,440
1,218

1,843
0,440
1,217

1,844
0,440
1,216

1,846
0,439
1,215

1,847
0,439
1,214

1,848
0,439
1,213

1,849
0,440
1,211

1,850
0,440
1,210

1,851
0,440
1,209

1,853
0,439
1,208

1,854
0,439
1,207

1,855
0,439
1,206

1,856
0,440
1,204

1,857
0,440
1,203

1,858
0,440
1,202

1,859
0,440
1,201

1,861
0,439
1,200

1,862
0,439
1,199

1,863
0,439
1,198

1,864
0,440
1,196

1,865
0,440
1,195

1,866
0,440
1,194

1,868
0,439
1,193

1,869
0,439
1,192

1,870
0,439
1,191

1,871
0,440
1,189

1,872
0,440
1,188

1,873
0,440
1,187

1,874
0,440
1,186

1,876
0,439
1,185

1,877
0,439
1,184

1,878
0,439
1,183

1,879
0,440
1,181

1,880
0,440
1,180

1,881
0,440
1,179

1,882
0,440
1,178

1,884
0,439
1,177

1,885
0,439
1,176

1,886
0,439
1,175

1,887
0,440
1,173

1,888
0,440
1,172

1,889
0,440
1,171

1,890
0,440
1,170

1,892
0,439
1,169

1,893
0,439
1,168

1,894
0,440
1,166

1,895
0,440
1,165

1,896
0,440
1,164

1,897
0,440
1,163

1,899
0,439
1,162

1,900
0,439
1,161

1,901
0,440
1,159

1,902
0,440
1,158

1,903
0,440
1,157

1,904
0,440
1,156

1,905
0,440
1,155

1,907
0,439
1,154

1,908
0,439
1,153

1,909
0,440
1,151

1,910
0,440
1,150

1,911
0,440
1,149

1,912
0,440
1,148

1,914
0,439
1,147

1,915
0,439
1,146

1,916
0,440
1,144

1,917
0,440
1,143

1,918
0,440
1,142

1,919
0,440
1,141

1,920
0,440
1,140

1,922
0,439
1,139

1,923
0,439
1,138

1,924
0,440
1,136

1,925
0,440
1,135

1,926
0,440
1,134

1,927
0,440
1,133

1,928
0,440
1,132

1,930
0,439
1,131

1,931
0,440
1,129

1,932
0,441
1,127

1,933
0,441
1,126

1,934
0,441
1,125

1,935
0,441
1,124

1,936
0,441
1,123

1,938
0,437
1,125

1,939
0,434
1,127

1,940
0,432
1,128

1,941
0,429
1,130

1,942
0,426
1,132

1,943
0,423
1,134

1,945
0,420
1,135

1,946
0,417
1,137

1,947
0,414
1,139

1,948
0,412
1,140

1,949
0,409
1,142

1,950
0,406
1,144

1,951
0,403
1,146

1,953
0,400
1,147

1,954
0,397
1,149

1,955
0,394
1,151

1,956
0,391
1,153

1,957
0,389
1,154

1,958
0,386
1,156

1,960
0,382
1,158

1,961
0,380
1,159

1,962
0,377
1,161

1,963
0,375
1,162

1,964
0,373
1,163

1,965
0,372
1,163

1,967
0,371
1,162

1,968
0,371
1,161

1,969
0,371
1,160

1,970
0,66
1,1
0,304
1,159

1,971
0,64
1,4
0,303
1,158

1,972
0,60
1,8
0,304
1,156

1,973
0,58
1,11
0,303
1,155

1,975
0,54
1,14
0,303
1,154

1,976
0,51
1,17
0,303
1,153

1,977
0,48
1,20
0,303
1,152

1,978
0,46
1,22
0,303
1,151

1,979
0,43
1,25
0,303
1,150

1,980
0,40
1,28
0,303
1,149

1,982
0,36
1,31
0,304
1,147

1,983
0,34
1,34
0,303
1,146

1,984
0,31
1,37
0,303
1,145

1,985
0,28
1,40
0,303
1,144

1,986
0,26
1,42
0,303
1,143

1,987
0,23
1,45
0,303
1,142

1,989
0,19
1,48
0,304
1,140

1,990
0,17
1,50
0,304
1,139

1,991
0,14
1,54
0,303
1,138

1,992
0,11
1,57
0,303
1,137

1,993
0,9
1,59
0,303
1,136

1,994
0,6
1,62
0,303
1,135

1,995
0,3
1,65
0,304
1,133

1,1064
0,304
1,132

1,1065
0,304
1,131

1,1067
0,301
1,132

1,1068
0,298
1,134

1,1069
0,296
1,135

1,1070
0,293
1,137

1,1071
0,290
1,139

1,1072
0,287
1,141

1,1073
0,285
1,142

1,1075
0,281
1,144

1,1076
0,278
1,146

1,1077
0,276
1,147

1,1078
0,273
1,149

1,1079
0,270
1,151

1,1080
0,267
1,153

1,1081
0,265
1,154

1,1083
0,261
1,156

1,1084
0,258
1,158

1,1085
0,256
1,159

1,1086
0,253
1,161

1,1087
0,250
1,163

1,1088
0,247
1,165

1,1089
0,245
1,166

1,1090
0,242
1,168

1,1092
0,238
1,170

1,1093
0,236
1,171

1,1094
0,233
1,173

1,1095
0,230
1,175

1,1096
0,228
1,176

1,1097
0,225
1,178

1,1098
0,222
1,180

1,1099
0,220
1,181

1,1100
0,217
1,183

1,1100
0,216
1,184

1,1100
0,215
1,185

1,1098
0,216
1,186

1,1096
0,218
1,186

1,1095
0,220
1,185

1,1093
0,223
1,184

1,1091
0,226
1,183

1,1089
0,230
1,181

1,1088
0,232
1,180

1,1086
0,235
1,179

1,1084
0,238
1,178

1,1082
0,241
1,177

1,1081
0,243
1,176

1,1079
0,246
1,175

1,1077
0,250
1,173

1,1075
0,253
1,172

1,1073
0,256
1,171

1,1071
0,259
1,170

1,1070
0,261
1,169

1,1068
0,264
1,168

1,1066
0,267
1,167

1,1064
0,271
1,165

1,1063
0,273
1,164

1,1061
0,276
1,163

1,1062
0,276
1,162

1,1063
0,276
1,161

1,1064
0,276
1,160

1,1066
0,276
1,158

1,1067
0,276
1,157

1,1068
0,276
1,156

1,1069
0,276
1,155

1,1070
0,194
1,2
0,80
1,154

1,1071
0,191
1,5
0,80
1,153

1,1072
0,188
1,8
0,80
1,152

1,1074
0,184
1,12
0,80
1,150

1,1075
0,181
1,15
0,80
1,149

1,1076
0,179
1,17
0,80
1,148

1,1077
0,176
1,20
0,80
1,147

1,1078
0,173
1,23
0,80
1,146

1,1079
0,170
1,27
0,79
1,145

1,1081
0,167
1,29
0,80
1,143

1,1082
0,164
1,32
0,80
1,142

1,1083
0,161
1,35
0,79
1,142

1,1084
0,158
1,38
0,76
1,144

1,1085
0,155
1,41
0,74
1,145

1,1086
0,153
1,43
0,71
1,147

1,1087
0,150
1,47
0,67
1,149

1,1089
0,146
1,50
0,64
1,151

1,1090
0,143
1,53
0,62
1,152

1,1091
0,141
1,55
0,59
1,154

1,1092
0,138
1,58
0,56
1,156

1,1093
0,135
1,61
0,53
1,158

1,1094
0,132
1,65
0,50
1,159

1,1096
0,129
1,67
0,47
1,161

1,1097
0,126
1,70
0,44
1,163

1,1098
0,123
1,73
0,41
1,165

1,1099
0,120
1,76
0,39
1,166

1,1100
0,118
1,78
0,36
1,168

1,1101
0,115
1,81
0,33
1,170

1,1102
0,112
1,85
0,30
1,171

1,1104
0,109
1,87
0,27
1,173

1,1105
0,106
1,90
0,24
1,175

1,1106
0,103
1,93
0,21
1,177

1,1107
0,100
1,96
0,19
1,178

1,1108
0,98
1,98
0,16
1,180

1,1109
0,95
1,102
0,12
1,182

1,1110
0,92
1,105
0,10
1,183

1,1112
0,88
1,108
0,7
1,185

1,1113
0,86
1,110
0,4
1,187

1,1114
0,83
1,113
0,2
1,188

1,1115
0,80
1,305

1,1116
0,78
1,306

1,1117
0,75
1,308

1,1118
0,72
1,310

1,1120
0,68
1,312

1,1121
0,66
1,313

1,1122
0,63
1,315

1,1123
0,60
1,317

1,1124
0,57
1,319

1,1125
0,55
1,320

1,1127
0,51
1,322

1,1128
0,48
1,324

1,1129
0,45
1,326

1,1130
0,43
1,327

1,1131
0,40
1,329

1,1132
0,37
1,331

1,1133
0,35
1,332

1,1134
0,32
1,334

1,1136
0,28
1,336

1,1137
0,25
1,338

1,1138
0,23
1,339

1,1139
0,20
1,341

1,1140
0,17
1,343

1,1141
0,14
1,345

1,1142
0,12
1,346

1,1144
0,8
1,348

1,1145
0,5
1,350

1,1146
0,2
1,352

1,1500

1,1500

1,1500

1,1500

1,1500

1,1500

1,1500

1,1500

1,1500

1,1500

1,1500

1,1500

1,1500

1,1500

1,1500

1,1500

1,1500

1,1500

1,1500

1,1500

1,1500

1,1500

1,1500

1,1500

1,1500

1,1500

1,1500

1,1500

1,1500

1,1500

1,1500

1,1500

1,1500

1,1500

1,1500

1,1500

1,1500

1,1500

1,1500

1,1500

1,1500

1,1500

1,1500

1,1500

1,1500

1,1500

1,1500

1,1500

1,1500

1,1500

1,1500

1,1500

1,1500

1,1500

1,1500

1,1500

1,1500

1,1500

1,1500

1,1500

1,1500

1,1500

1,1500

1,1500

1,1500

1,1500

1,1500

1,1500

1,1500

1,1500

1,1500

1,1500

1,1500

1,1500

1,1500

1,1500

1,1500

1,1500

1,1500

1,1500

1,1500

1,1500

1,1500

1,1500

1,1500

1,1500

1,1500

1,1500

1,1500

1,1500

1,1500

1,1500

1,1500

1,1500

1,1500

1,1500

1,1500

1,1500

1,1500

1,1500

1,1500

1,1500

1,1500

1,1500

1,1500

1,1500

1,1500

1,1500

1,1500

1,1500

1,1500

1,1500

1,1500

1,1500

1,1500

1,1500

1,1500

1,1500

1,1500

1,1500

1,1500

1,1500

1,1500

1,1500

1,1500

1,1500

1,1500

1,1500

1,1500

1,1500

1,1500

1,1500

1,1500

1,1500

