1,960

1,960

1,960

1,960

1,960

1,960

1,960

1,960

1,960

1,960

1,960

1,960

1,960

1,960

1,960

1,960

1,960

1,960

1,960

1,960

1,960

1,960

1,960

1,960

1,960

1,960

1,960

1,960

1,960

1,960

1,960

1,960

1,960

1,960

1,960

1,960

1,960

1,960

1,960

1,960

1,960

1,960

1,960

1,960

1,960

1,960

1,960

1,960

1,960

1,960

1,960

1,960

1,960

1,960

1,960

1,960

1,960

1,960

1,960

1,960

1,960

1,960

1,960

1,960

1,960

1,960

1,960

1,960

1,960

1,960

1,960

1,960

1,960

1,960

1,960

1,960

1,960

1,960

1,960

1,960

1,960

1,960

1,960

1,960

1,960

1,960

1,960

1,960

1,960

1,960

1,960

1,960

1,960

1,960

1,960

1,960

1,960

1,960

1,960

1,960

1,960

1,960

1,960

1,960

1,960

1,960

1,960

1,960

1,960

1,960

1,960

1,960

1,960

1,960

1,960

1,960

1,960

1,960

1,960

1,960

1,960

1,960

1,960

1,960

1,960

1,960

1,960

1,960

1,960

1,960

1,960

1,960

1,960

1,960

1,960

1,960

1,960

1,960

1,960

1,960

1,960

1,960

1,960

1,960

1,960

1,960

1,960

1,960

1,960

1,960

1,960

1,960

1,960

1,960

1,960

1,960

1,960

1,960

1,960

1,960

1,960

1,960

1,960

1,960

1,960

1,960

1,960

1,960

1,960

1,960

1,960

1,960

1,960

1,960

1,960

1,960

1,960

1,960

1,960

1,960

1,960

1,960

1,960

1,960

1,960

1,960

1,960

1,960

1,960

1,960

1,960

1,960

1,960

1,960

1,960

1,960

1,960

1,960

1,960

1,960

1,960

1,960

1,960

1,960

1,960

1,960

1,960

1,960

1,960

1,960

1,960

1,960

1,960

1,960

1,960

1,960

1,960

1,960

1,960

1,394
0,3
1,563

1,391
0,6
1,563

1,388
0,9
1,563

1,385
0,12
1,563

1,381
0,16
1,563

1,378
0,19
1,563

1,375
0,22
1,563

1,372
0,25
1,563

1,368
0,29
1,563

1,365
0,32
1,563

1,362
0,35
1,563

1,359
0,38
1,563

1,356
0,41
1,563

1,352
0,45
1,563

1,349
0,48
1,563

1,346
0,51
1,563

1,343
0,54
1,563

1,340
0,57
1,563

1,336
0,61
1,563

1,333
0,64
1,563

1,330
0,67
1,563

1,327
0,70
1,563

1,323
0,74
1,563

1,320
0,77
1,563

1,314
0,1
1,2
0,80
1,563

1,313
0,84
1,563

1,312
0,85
1,563

1,310
0,87
1,563

1,308
0,89
1,563

1,307
0,90
1,563

1,305
0,92
1,563

1,303
0,94
1,563

1,301
0,96
1,563

1,300
0,97
1,563

1,298
0,99
1,563

1,297
0,100
1,563

1,295
0,102
1,563

1,293
0,104
1,563

1,291
0,106
1,563

1,289
0,108
1,563

1,288
0,109
1,563

1,286
0,111
1,563

1,285
0,112
1,563

1,284
0,113
1,563

1,283
0,115
1,562

1,282
0,116
1,562

1,281
0,117
1,562

1,280
0,118
1,562

1,279
0,119
1,562

1,278
0,120
1,562

1,277
0,121
1,562

1,276
0,122
1,562

1,275
0,123
1,562

1,274
0,124
1,562

1,273
0,125
1,562

1,272
0,126
1,562

1,271
0,127
1,562

1,270
0,128
1,562

1,269
0,129
1,562

1,268
0,130
1,562

1,268
0,130
1,562

1,267
0,131
1,562

1,266
0,132
1,562

1,265
0,133
1,562

1,264
0,134
1,562

1,264
0,134
1,562

1,263
0,135
1,562

1,262
0,136
1,562

1,261
0,137
1,562

1,261
0,137
1,562

1,260
0,138
1,562

1,259
0,139
1,562

1,259
0,139
1,562

1,258
0,140
1,562

1,257
0,141
1,562

1,257
0,140
1,563

1,256
0,139
1,565

1,256
0,136
1,568

1,255
0,134
1,571

1,254
0,133
1,573

1,254
0,130
1,576

1,253
0,128
1,579

1,253
0,126
1,581

1,252
0,124
1,584

1,252
0,121
1,587

1,252
0,119
1,589

1,251
0,117
1,592

1,251
0,114
1,595

1,250
0,114
1,596

1,250
0,113
1,597

1,250
0,113
1,597

1,249
0,113
1,598

1,249
0,112
1,599

1,248
0,112
1,600

1,248
0,112
1,600

1,248
0,111
1,601

1,248
0,110
1,602

1,247
0,110
1,603

1,247
0,109
1,604

1,247
0,108
1,605

1,247
0,108
1,605

1,246
0,108
1,606

1,246
0,107
1,607

1,246
0,106
1,608

1,246
0,105
1,609

1,245
0,106
1,609

1,245
0,105
1,610

1,245
0,104
1,611

1,245
0,103
1,612

1,245
0,102
1,613

1,244
0,103
1,613

1,244
0,102
1,614

1,244
0,101
1,615

1,244
0,100
1,616

1,244
0,99
1,617

1,244
0,98
1,618

1,244
0,98
1,618

1,244
0,97
1,619

1,244
0,96
1,620

1,244
0,95
1,621

1,244
0,94
1,622

1,244
0,94
1,622

1,244
0,93
1,623

1,244
0,92
1,624

1,244
0,91
1,625

1,244
0,90
1,626

1,244
0,89
1,627

1,244
0,89
1,627

1,244
0,88
1,628

1,245
0,86
1,629

1,245
0,85
1,630

1,245
0,84
1,631

1,245
0,84
1,631

1,245
0,83
1,632

1,246
0,81
1,633

1,246
0,80
1,634

1,246
0,79
1,635

1,246
0,79
1,635

1,247
0,77
1,636

1,247
0,76
1,637

1,248
0,74
1,638

1,248
0,73
1,639

1,249
0,71
1,640

1,249
0,71
1,640

1,250
0,69
1,641

1,250
0,68
1,642

1,251
0,66
1,643

1,251
0,65
1,644

1,252
0,64
1,644

1,252
0,63
1,645

1,253
0,61
1,646

1,253
0,61
1,646

1,254
0,61
1,645

1,254
0,61
1,645

1,254
0,63
1,643

1,255
0,64
1,641

1,255
0,67
1,638

1,255
0,69
1,636

1,256
0,70
1,634

1,256
0,72
1,632

1,257
0,73
1,630

1,257
0,75
1,628

1,258
0,76
1,626

1,258
0,78
1,6
0,3
1,615

1,258
0,89
1,613

1,259
0,89
1,612

1,260
0,90
1,610

1,261
0,91
1,608

1,261
0,93
1,606

1,262
0,94
1,46
0,1
1,557

1,262
0,96
1,38
0,8
1,556

1,263
0,97
1,31
0,14
1,555

1,264
0,98
1,23
0,21
1,554

1,265
0,99
1,15
0,28
1,553

1,266
0,100
1,8
0,34
1,552

1,267
0,142
1,2
0,13
1,536

1,268
0,194
1,103
0,3
1,392

1,269
0,230
1,63
0,9
1,389

1,270
0,267
1,21
0,17
1,385

1,270
0,309
1,381

1,271
0,311
1,378

1,272
0,314
1,374

1,272
0,317
1,371

1,273
0,320
1,367

1,274
0,322
1,364

1,275
0,325
1,360

1,275
0,328
1,85
0,2
1,270

1,276
0,331
1,79
0,4
1,270

1,277
0,334
1,72
0,8
1,269

1,277
0,337
1,67
0,11
1,268

1,278
0,340
1,61
0,13
1,268

1,278
0,343
1,56
0,16
1,267

1,279
0,346
1,50
0,19
1,266

1,279
0,349
1,45
0,22
1,265

1,279
0,353
1,39
0,24
1,265

1,279
0,356
1,34
0,27
1,264

1,280
0,359
1,28
0,30
1,263

1,280
0,358
1,27
0,32
1,263

1,280
0,357
1,26
0,34
1,263

1,280
0,357
1,24
0,36
1,263

1,280
0,356
1,23
0,38
1,263

1,281
0,354
1,23
0,39
1,263

1,281
0,353
1,25
0,38
1,263

1,281
0,353
1,26
0,38
1,262

1,281
0,352
1,28
0,37
1,262

1,281
0,351
1,31
0,34
1,263

1,282
0,350
1,32
0,33
1,263

1,282
0,349
1,34
0,31
1,264

1,283
0,347
1,36
0,29
1,265

1,284
0,346
1,37
0,28
1,265

1,284
0,346
1,37
0,27
1,266

1,285
0,344
1,38
0,27
1,266

1,285
0,345
1,36
0,27
1,267

1,286
0,347
1,31
0,28
1,268

1,287
0,349
1,25
0,31
1,268

1,288
0,351
1,20
0,32
1,269

1,288
0,354
1,15
0,31
1,272

1,289
0,357
1,8
0,33
1,273

1,291
0,358
1,3
0,34
1,274

1,292
0,393
1,275

1,293
0,391
1,276

1,294
0,389
1,277

1,295
0,387
1,278

1,297
0,383
1,280

1,299
0,379
1,282

1,301
0,376
1,283

1,303
0,373
1,284

1,305
0,368
1,287

1,307
0,365
1,288

1,308
0,362
1,290

1,310
0,358
1,292

1,311
0,355
1,294

1,314
0,350
1,296

1,317
0,345
1,298

1,319
0,341
1,300

1,322
0,335
1,303

1,325
0,327
1,2
0,1
1,305

1,328
0,322
1,310

1,331
0,318
1,311

1,335
0,312
1,313

1,338
0,305
1,317

1,341
0,298
1,321

1,343
0,291
1,326

1,347
0,284
1,329

1,354
0,274
1,332

1,357
0,268
1,335

1,361
0,261
1,338

1,364
0,254
1,342

1,370
0,242
1,348

1,375
0,230
1,355

1,381
0,218
1,361

1,386
0,208
1,366

1,391
0,199
1,370

1,401
0,1
1,2
0,2
1,1
0,173
1,2
0,4
1,374

1,411
0,164
1,385

1,419
0,151
1,390

1,424
0,138
1,398

1,441
0,4
1,1
0,1
1,1
0,107
1,405

1,469
0,3
1,8
0,3
1,6
0,5
1,8
0,25
1,1
0,2
1,430

1,960

1,960

1,960

1,960

1,960

1,960

1,960

1,960

1,960

1,960

1,960

1,960

1,960

1,960

1,960

1,960

1,960

1,960

1,960

1,960

1,960

1,960

1,960

1,960

1,960

1,960

1,960

1,960

1,960

1,960

1,960

1,960

1,960

1,960

1,960

1,960

1,960

1,960

1,960

1,960

1,960

1,960

1,960

1,960

1,960

1,960

1,960

1,960

1,960

1,960

1,960

1,960

1,960

1,960

1,960

1,960

1,960

1,960

1,960

1,960

1,960

1,960

