1,2000

1,2000

1,2000

1,2000

1,2000

1,2000

1,2000

1,2000

1,2000

1,2000

1,2000

1,2000

1,2000

1,2000

1,2000

1,2000

1,2000

1,2000

1,2000

1,2000

1,2000

1,2000

1,2000

1,2000

1,2000

1,2000

1,2000

1,2000

1,2000

1,2000

1,2000

1,2000

1,2000

1,2000

1,2000

1,2000

1,2000

1,2000

1,2000

1,2000

1,2000

1,2000

1,2000

1,2000

1,2000

1,2000

1,2000

1,2000

1,2000

1,2000

1,2000

1,2000

1,2000

1,2000

1,2000

1,2000

1,2000

1,2000

1,2000

1,2000

1,2000

1,2000

1,2000

1,2000

1,2000

1,2000

1,2000

1,2000

1,2000

1,2000

1,2000

1,2000

1,2000

1,2000

1,2000

1,2000

1,2000

1,2000

1,2000

1,2000

1,2000

1,2000

1,2000

1,2000

1,2000

1,2000

1,2000

1,2000

1,2000

1,2000

1,2000

1,2000

1,2000

1,2000

1,2000

1,2000

1,2000

1,2000

1,2000

1,2000

1,2000

1,2000

1,2000

1,2000

1,2000

1,2000

1,2000

1,2000

1,2000

1,2000

1,2000

1,2000

1,2000

1,2000

1,2000

1,2000

1,2000

1,2000

1,2000

1,2000

1,2000

1,2000

1,2000

1,2000

1,2000

1,2000

1,2000

1,2000

1,2000

1,2000

1,2000

1,2000

1,2000

1,2000

1,2000

1,2000

1,2000

1,2000

1,2000

1,2000

1,2000

1,2000

1,2000

1,2000

1,2000

1,2000

1,2000

1,2000

1,2000

1,2000

1,2000

1,2000

1,2000

1,2000

1,2000

1,2000

1,2000

1,2000

1,2000

1,2000

1,2000

1,2000

1,2000

1,2000

1,2000

1,2000

1,2000

1,2000

1,2000

1,2000

1,2000

1,2000

1,2000

1,2000

1,2000

1,2000

1,2000

1,2000

1,2000

1,2000

1,2000

1,2000

1,2000

1,2000

1,2000

1,2000

1,2000

1,2000

1,2000

1,2000

1,2000

1,2000

1,2000

1,2000

1,2000

1,2000

1,2000

1,2000

1,2000

1,2000

1,2000

1,2000

1,2000

1,2000

1,2000

1,2000

1,2000

1,2000

1,2000

1,2000

1,2000

1,2000

1,2000

1,2000

1,2000

1,2000

1,2000

1,2000

1,2000

1,2000

1,2000

1,2000

1,2000

1,2000

1,2000

1,2000

1,2000

1,2000

1,2000

1,2000

1,2000

1,2000

1,2000

1,2000

1,2000

1,2000

1,2000

1,2000

1,2000

1,2000

1,2000

1,2000

1,2000

1,2000

1,2000

1,2000

1,2000

1,2000

1,2000

1,2000

1,2000

1,2000

1,2000

1,2000

1,2000

1,2000

1,2000

1,2000

1,2000

1,2000

1,2000

1,2000

1,2000

1,2000

1,2000

1,2000

1,2000

1,2000

1,2000

1,2000

1,2000

1,2000

1,2000

1,2000

1,2000

1,2000

1,2000

1,2000

1,2000

1,2000

1,2000

1,2000

1,2000

1,2000

1,2000

1,2000

1,2000

1,2000

1,2000

1,2000

1,2000

1,2000

1,2000

1,2000

1,2000

1,2000

1,2000

1,2000

1,2000

1,2000

1,2000

1,2000

1,2000

1,2000

1,2000

1,2000

1,2000

1,2000

1,2000

1,2000

1,2000

1,2000

1,2000

1,2000

1,2000

1,2000

1,2000

1,2000

1,2000

1,2000

1,2000

1,2000

1,2000

1,2000

1,2000

1,2000

1,2000

1,2000

1,2000

1,2000

1,2000

1,2000

1,2000

1,2000

1,2000

1,2000

1,2000

1,2000

1,2000

1,2000

1,2000

1,2000

1,2000

1,2000

1,2000

1,2000

1,2000

1,2000

1,2000

1,2000

1,2000

1,2000

1,2000

1,2000

1,2000

1,2000

1,2000

1,2000

1,2000

1,2000

1,2000

1,2000

1,2000

1,2000

1,2000

1,2000

1,2000

1,2000

1,2000

1,2000

1,2000

1,2000

1,2000

1,2000

1,2000

1,2000

1,2000

1,2000

1,2000

1,2000

1,2000

1,2000

1,2000

1,2000

1,2000

1,2000

1,2000

1,2000

1,2000

1,2000

1,2000

1,2000

1,2000

1,2000

1,2000

1,2000

1,2000

1,2000

1,2000

1,2000

1,2000

1,2000

1,2000

1,2000

1,2000

1,2000

1,2000

1,2000

1,2000

1,2000

1,2000

1,2000

1,2000

1,2000

1,2000

1,2000

1,2000

1,2000

1,2000

1,2000

1,2000

1,2000

1,2000

1,2000

1,2000

1,2000

1,2000

1,2000

1,2000

1,2000

1,2000

1,2000

1,2000

1,2000

1,2000

1,2000

1,2000

1,2000

1,2000

1,2000

1,2000

1,2000

1,2000

1,2000

1,2000

1,2000

1,2000

1,2000

1,2000

1,2000

1,2000

1,1840
0,4
1,156

1,1838
0,8
1,154

1,1836
0,11
1,153

1,1835
0,14
1,151

1,1651
0,1
1,181
0,17
1,150

1,1650
0,4
1,177
0,21
1,148

1,1648
0,8
1,173
0,25
1,146

1,1646
0,11
1,67
0,4
1,100
0,27
1,145

1,1644
0,15
1,63
0,7
1,97
0,31
1,143

1,1643
0,18
1,59
0,11
1,93
0,35
1,141

1,1641
0,22
1,56
0,14
1,90
0,37
1,140

1,1639
0,25
1,53
0,18
1,86
0,41
1,138

1,1638
0,28
1,49
0,21
1,83
0,45
1,136

1,1636
0,32
1,45
0,25
1,79
0,49
1,134

1,1634
0,36
1,42
0,28
1,76
0,51
1,133

1,1632
0,40
1,38
0,32
1,72
0,55
1,131

1,1631
0,42
1,35
0,36
1,68
0,59
1,129

1,1629
0,46
1,31
0,39
1,65
0,62
1,128

1,1627
0,50
1,28
0,42
1,62
0,65
1,126

1,1625
0,53
1,25
0,46
1,58
0,69
1,124

1,1624
0,56
1,21
0,50
1,54
0,73
1,122

1,1622
0,60
1,17
0,53
1,51
0,76
1,121

1,1620
0,64
1,13
0,55
1,50
0,79
1,119

1,1618
0,68
1,9
0,57
1,48
0,83
1,117

1,1617
0,71
1,6
0,58
1,46
0,86
1,116

1,1615
0,74
1,2
0,61
1,44
0,90
1,114

1,1613
0,139
1,43
0,93
1,112

1,1612
0,140
1,41
0,97
1,110

1,1610
0,142
1,39
0,100
1,109

1,1608
0,144
1,37
0,104
1,107

1,1606
0,146
1,36
0,107
1,105

1,1605
0,148
1,33
0,111
1,103

1,1603
0,151
1,30
0,114
1,102

1,1601
0,154
1,27
0,118
1,100

1,1599
0,158
1,24
0,121
1,98

1,1598
0,161
1,20
0,124
1,97

1,1596
0,165
1,16
0,128
1,95

1,1594
0,168
1,13
0,132
1,93

1,1592
0,172
1,9
0,136
1,91

1,1591
0,176
1,4
0,139
1,90

1,1589
0,323
1,88

1,1587
0,327
1,86

1,1586
0,330
1,84

1,1584
0,333
1,83

1,1582
0,337
1,81

1,1580
0,341
1,79

1,1579
0,344
1,77

1,1577
0,347
1,76

1,1575
0,350
1,75

1,1573
0,350
1,77

1,1572
0,350
1,78

1,1570
0,350
1,80

1,1568
0,350
1,82

1,1566
0,351
1,83

1,1565
0,350
1,85

1,1563
0,350
1,87

1,1561
0,350
1,89

1,1560
0,350
1,90

1,1558
0,350
1,92

1,1556
0,350
1,94

1,1554
0,350
1,96

1,1553
0,350
1,97

1,1551
0,350
1,99

1,1549
0,350
1,101

1,1547
0,351
1,102

1,1546
0,350
1,104

1,1544
0,350
1,106

1,1542
0,350
1,108

1,1541
0,350
1,109

1,1539
0,350
1,111

1,1537
0,350
1,113

1,1535
0,351
1,114

1,1534
0,350
1,116

1,1532
0,350
1,118

1,1530
0,350
1,120

1,1528
0,351
1,121

1,1527
0,350
1,123

1,1525
0,350
1,125

1,1523
0,351
1,126

1,1521
0,351
1,128

1,1520
0,350
1,130

1,1518
0,350
1,132

1,1516
0,351
1,133

1,1515
0,350
1,135

1,1513
0,350
1,137

1,1511
0,351
1,138

1,1509
0,351
1,140

1,1508
0,351
1,141

1,1506
0,351
1,143

1,1504
0,352
1,144

1,1502
0,353
1,145

1,1501
0,354
1,145

1,1499
0,357
1,144

1,1497
0,361
1,142

1,1495
0,364
1,23
0,2
1,116

1,1494
0,367
1,20
0,4
1,115

1,1492
0,371
1,18
0,6
1,113

1,1490
0,374
1,16
0,9
1,111

1,1489
0,377
1,12
0,12
1,110

1,1487
0,381
1,8
0,16
1,108

1,1485
0,384
1,5
0,20
1,106

1,1483
0,412
1,105

1,1482
0,415
1,103

1,1480
0,419
1,101

1,1478
0,423
1,99

1,1476
0,426
1,98

1,1475
0,429
1,96

1,1473
0,433
1,94

1,1471
0,436
1,93

1,1470
0,439
1,91

1,1468
0,443
1,89

1,1466
0,447
1,87

1,1464
0,450
1,86

1,1463
0,453
1,84

1,1461
0,457
1,82

1,1459
0,461
1,80

1,1457
0,464
1,79

1,1456
0,467
1,77

1,1454
0,471
1,75

1,1452
0,474
1,74

1,1450
0,478
1,72

1,1449
0,481
1,70

1,1447
0,484
1,69

1,1445
0,488
1,67

1,1444
0,491
1,65

1,1442
0,495
1,63

1,1440
0,498
1,62

1,1438
0,502
1,60

1,1437
0,505
1,58

1,1435
0,508
1,57

1,1433
0,512
1,55

1,1431
0,516
1,53

1,1430
0,519
1,51

1,1428
0,522
1,50

1,1426
0,523
1,51

1,1424
0,523
1,53

1,1423
0,523
1,54

1,1421
0,523
1,56

1,1419
0,523
1,58

1,1418
0,523
1,59

1,1416
0,523
1,61

1,1414
0,523
1,63

1,1415
0,520
1,65

1,1417
0,517
1,66

1,1418
0,514
1,68

1,1420
0,510
1,70

1,1422
0,506
1,72

1,1424
0,503
1,73

1,1425
0,500
1,75

1,1427
0,496
1,77

1,1429
0,493
1,78

1,1430
0,490
1,80

1,1432
0,486
1,82

1,1434
0,482
1,84

1,1436
0,479
1,85

1,1437
0,476
1,87

1,1439
0,472
1,89

1,1440
0,469
1,91

1,1442
0,466
1,92

1,1443
0,463
1,94

1,1444
0,460
1,96

1,1444
0,458
1,98

1,1445
0,456
1,99

1,1445
0,454
1,101

1,1445
0,452
1,103

1,1444
0,451
1,105

1,1442
0,452
1,106

1,1441
0,451
1,108

1,1439
0,451
1,110

1,1437
0,451
1,112

1,1435
0,452
1,113

1,1434
0,451
1,115

1,1432
0,451
1,117

1,1430
0,451
1,119

1,1428
0,452
1,120

1,1427
0,451
1,122

1,1425
0,451
1,124

1,1423
0,451
1,126

1,1421
0,452
1,127

1,1420
0,451
1,129

1,1418
0,451
1,131

1,1416
0,451
1,133

1,1414
0,452
1,134

1,1413
0,451
1,136

1,1411
0,451
1,138

1,1409
0,452
1,139

1,1407
0,452
1,141

1,1406
0,451
1,143

1,1404
0,451
1,145

1,1402
0,452
1,146

1,1400
0,452
1,148

1,1399
0,451
1,150

1,1397
0,451
1,152

1,1395
0,452
1,153

1,1393
0,452
1,155

1,1391
0,452
1,157

1,1390
0,452
1,158

1,1317
0,4
1,67
0,452
1,160

1,1315
0,7
1,64
0,452
1,162

1,1314
0,10
1,60
0,452
1,164

1,1312
0,14
1,57
0,452
1,165

1,1310
0,18
1,53
0,452
1,167

1,1308
0,21
1,50
0,452
1,169

1,1307
0,24
1,46
0,452
1,171

1,1305
0,28
1,42
0,453
1,172

1,1303
0,32
1,39
0,452
1,174

1,1301
0,35
1,36
0,452
1,176

1,1300
0,38
1,32
0,452
1,178

1,1298
0,42
1,28
0,453
1,179

1,1296
0,46
1,25
0,452
1,181

1,1295
0,48
1,22
0,452
1,183

1,1293
0,52
1,18
0,453
1,184

1,1291
0,56
1,14
0,453
1,186

1,1289
0,60
1,11
0,452
1,188

1,1288
0,63
1,7
0,452
1,190

1,1286
0,67
1,3
0,453
1,191

1,1284
0,523
1,193

1,1282
0,523
1,195

1,1281
0,522
1,197

1,1279
0,523
1,198

1,1277
0,523
1,200

1,1276
0,522
1,202

1,1274
0,522
1,204

1,1272
0,523
1,205

1,1270
0,523
1,207

1,1269
0,522
1,209

1,1267
0,523
1,210

1,1265
0,523
1,212

1,1263
0,523
1,214

1,1262
0,522
1,216

1,1260
0,523
1,217

1,1258
0,523
1,219

1,1256
0,523
1,221

1,1255
0,522
1,223

1,1253
0,523
1,224

1,1251
0,523
1,226

1,1250
0,522
1,228

1,1248
0,523
1,229

1,1246
0,523
1,231

1,1244
0,523
1,233

1,1243
0,522
1,235

1,1241
0,523
1,236

1,1239
0,523
1,238

1,1237
0,523
1,240

1,1236
0,522
1,242

1,1234
0,523
1,243

1,1232
0,523
1,245

1,1230
0,523
1,247

1,1229
0,522
1,249

1,1227
0,523
1,250

1,1225
0,523
1,252

1,1224
0,522
1,254

1,1222
0,523
1,255

1,1220
0,523
1,257

1,1218
0,523
1,259

1,1217
0,522
1,261

1,1215
0,523
1,262

1,1213
0,523
1,264

1,1211
0,523
1,266

1,1210
0,522
1,268

1,1208
0,523
1,269

1,1206
0,523
1,271

1,1205
0,522
1,273

1,1203
0,522
1,275

1,1201
0,523
1,276

1,1199
0,523
1,278

1,1198
0,522
1,280

1,1196
0,523
1,281

1,1194
0,523
1,283

1,1192
0,523
1,285

1,1191
0,522
1,287

1,1189
0,523
1,288

1,1187
0,523
1,290

1,1185
0,523
1,292

1,1184
0,522
1,294

1,1182
0,523
1,295

1,1180
0,523
1,297

1,1179
0,522
1,299

1,1177
0,522
1,301

1,1175
0,523
1,302

1,1173
0,523
1,304

1,1172
0,522
1,306

1,1170
0,523
1,307

1,1168
0,523
1,309

1,1166
0,523
1,311

1,1165
0,522
1,313

1,1163
0,523
1,314

1,1161
0,523
1,316

1,1159
0,523
1,318

1,1158
0,522
1,320

1,1156
0,523
1,321

1,1154
0,523
1,323

1,1153
0,522
1,325

1,1151
0,522
1,327

1,1149
0,523
1,328

1,1147
0,523
1,330

1,1146
0,522
1,332

1,1144
0,523
1,333

1,1142
0,523
1,335

1,1140
0,523
1,337

1,1139
0,522
1,339

1,1137
0,523
1,340

1,1135
0,523
1,342

1,1133
0,523
1,344

1,1132
0,522
1,346

1,1130
0,523
1,347

1,1128
0,523
1,349

1,1127
0,522
1,351

1,1125
0,522
1,353

1,1123
0,523
1,354

1,1121
0,523
1,356

1,1120
0,522
1,358

1,1118
0,523
1,359

1,1116
0,523
1,361

1,1114
0,523
1,363

1,1113
0,522
1,365

1,1111
0,523
1,366

1,1109
0,523
1,368

1,1108
0,522
1,370

1,1106
0,522
1,372

1,1104
0,523
1,373

1,1102
0,523
1,375

1,1101
0,522
1,377

1,1099
0,522
1,379

1,1097
0,523
1,380

1,1095
0,523
1,382

1,1094
0,522
1,384

1,1092
0,523
1,385

1,1090
0,523
1,387

1,1088
0,523
1,389

1,1087
0,522
1,391

1,1085
0,523
1,392

1,1083
0,523
1,394

1,1082
0,522
1,396

1,1080
0,522
1,398

1,1078
0,523
1,399

1,1076
0,523
1,401

1,1075
0,522
1,403

1,1073
0,523
1,404

1,1071
0,523
1,406

1,1069
0,523
1,408

1,1068
0,522
1,410

1,1066
0,523
1,411

1,1064
0,523
1,413

1,1062
0,523
1,415

1,1061
0,522
1,417

1,1059
0,523
1,418

1,1057
0,523
1,420

1,1056
0,522
1,422

1,1054
0,522
1,424

1,1052
0,523
1,425

1,1050
0,523
1,427

1,1049
0,522
1,429

1,1047
0,523
1,430

1,1045
0,523
1,432

1,1043
0,523
1,434

1,1042
0,522
1,436

1,1040
0,523
1,437

1,1038
0,523
1,439

1,1036
0,523
1,441

1,1035
0,522
1,443

1,1033
0,523
1,444

1,1031
0,523
1,446

1,1030
0,522
1,448

1,1028
0,523
1,449

1,1026
0,523
1,451

1,1024
0,523
1,453

1,1023
0,522
1,455

1,1021
0,523
1,456

1,1019
0,523
1,458

1,1017
0,523
1,460

1,1016
0,522
1,462

1,1014
0,523
1,463

1,1012
0,523
1,465

1,1010
0,523
1,467

1,1009
0,522
1,469

1,1007
0,523
1,470

1,1005
0,523
1,472

1,1004
0,522
1,474

1,1002
0,523
1,475

1,1000
0,523
1,477

1,998
0,523
1,479

1,997
0,522
1,481

1,995
0,523
1,482

1,993
0,523
1,484

1,991
0,523
1,486

1,990
0,522
1,488

1,988
0,523
1,489

1,986
0,523
1,491

1,984
0,523
1,493

1,983
0,522
1,495

1,981
0,523
1,496

1,979
0,523
1,498

1,978
0,522
1,500

1,976
0,523
1,501

1,974
0,523
1,503

1,972
0,523
1,505

1,971
0,522
1,507

1,969
0,523
1,508

1,967
0,523
1,510

1,965
0,523
1,512

1,964
0,522
1,514

1,962
0,523
1,515

1,960
0,523
1,517

1,962
0,519
1,519

1,964
0,516
1,520

1,965
0,513
1,522

1,967
0,509
1,524

1,968
0,506
1,526

1,970
0,503
1,527

1,971
0,500
1,529

1,973
0,496
1,531

1,973
0,494
1,533

1,973
0,493
1,534

1,972
0,492
1,536

1,971
0,491
1,538

1,969
0,491
1,540

1,936
0,1
1,30
0,492
1,541

1,934
0,3
1,29
0,491
1,543

1,933
0,4
1,27
0,491
1,545

1,931
0,6
1,25
0,492
1,546

1,929
0,9
1,22
0,492
1,548

1,927
0,11
1,21
0,491
1,550

1,926
0,13
1,18
0,491
1,552

1,924
0,16
1,15
0,492
1,553

1,922
0,20
1,11
0,492
1,555

1,920
0,24
1,7
0,492
1,557

1,919
0,28
1,2
0,492
1,559

1,917
0,523
1,560

1,915
0,523
1,562

1,914
0,522
1,564

1,912
0,523
1,565

1,910
0,523
1,567

1,908
0,523
1,569

1,907
0,522
1,571

1,905
0,523
1,572

1,903
0,523
1,574

1,901
0,523
1,576

1,900
0,522
1,578

1,898
0,523
1,579

1,896
0,523
1,581

1,894
0,523
1,583

1,893
0,522
1,585

1,891
0,523
1,586

1,889
0,523
1,588

1,888
0,522
1,590

1,886
0,523
1,591

1,884
0,523
1,593

1,882
0,523
1,595

1,881
0,522
1,597

1,879
0,523
1,598

1,877
0,523
1,600

1,875
0,523
1,602

1,874
0,522
1,604

1,872
0,523
1,605

1,870
0,523
1,607

1,868
0,523
1,609

1,867
0,523
1,610

1,865
0,523
1,612

1,863
0,523
1,614

1,862
0,522
1,616

1,860
0,523
1,617

1,858
0,523
1,619

1,856
0,523
1,621

1,855
0,522
1,623

1,853
0,523
1,624

1,851
0,523
1,626

1,849
0,523
1,628

1,848
0,522
1,630

1,846
0,523
1,631

1,844
0,523
1,633

1,842
0,523
1,635

1,841
0,523
1,636

1,839
0,523
1,638

1,837
0,523
1,640

1,836
0,522
1,642

1,834
0,523
1,643

1,832
0,523
1,645

1,830
0,523
1,647

1,829
0,522
1,649

1,827
0,523
1,650

1,826
0,522
1,652

1,828
0,518
1,654

1,829
0,515
1,656

1,831
0,512
1,657

1,832
0,509
1,659

1,834
0,505
1,661

1,835
0,503
1,662

1,835
0,501
1,664

1,835
0,499
1,666

1,835
0,497
1,668

1,834
0,497
1,669

1,833
0,496
1,671

1,831
0,496
1,673

1,829
0,496
1,675

1,828
0,496
1,676

1,826
0,496
1,678

1,797
0,2
1,25
0,496
1,680

1,796
0,5
1,21
0,497
1,681

1,794
0,9
1,17
0,497
1,683

1,792
0,13
1,13
0,497
1,685

1,790
0,17
1,9
0,497
1,687

1,789
0,20
1,5
0,498
1,688

1,787
0,523
1,690

1,785
0,523
1,692

1,784
0,522
1,694

1,782
0,523
1,695

1,780
0,523
1,697

1,778
0,523
1,699

1,777
0,522
1,701

1,775
0,523
1,702

1,773
0,523
1,704

1,771
0,523
1,706

1,770
0,523
1,707

1,768
0,523
1,709

1,766
0,523
1,711

1,765
0,522
1,713

1,763
0,523
1,714

1,761
0,523
1,716

1,759
0,523
1,718

1,758
0,522
1,720

1,756
0,523
1,721

1,754
0,523
1,723

1,752
0,523
1,725

1,751
0,522
1,727

1,749
0,523
1,728

1,747
0,523
1,730

1,745
0,523
1,732

1,744
0,523
1,733

1,742
0,523
1,735

1,740
0,523
1,737

1,739
0,522
1,739

1,737
0,523
1,740

1,735
0,523
1,742

1,733
0,523
1,744

1,732
0,522
1,746

1,730
0,523
1,747

1,728
0,523
1,749

1,726
0,523
1,751

1,725
0,522
1,753

1,723
0,523
1,754

1,721
0,523
1,756

1,720
0,522
1,758

1,718
0,523
1,759

1,716
0,523
1,761

1,714
0,523
1,763

1,713
0,522
1,765

1,711
0,523
1,766

1,709
0,523
1,768

1,707
0,523
1,770

1,706
0,522
1,772

1,704
0,523
1,773

1,702
0,523
1,775

1,700
0,523
1,777

1,699
0,522
1,779

1,697
0,523
1,780

1,695
0,523
1,782

1,694
0,522
1,784

1,692
0,523
1,785

1,690
0,523
1,787

1,688
0,523
1,789

1,687
0,522
1,791

1,685
0,523
1,792

1,683
0,523
1,794

1,681
0,523
1,796

1,680
0,522
1,798

1,678
0,523
1,799

1,676
0,523
1,801

1,674
0,523
1,803

1,673
0,522
1,805

1,671
0,523
1,806

1,669
0,523
1,808

1,668
0,522
1,810

1,666
0,523
1,811

1,664
0,523
1,813

1,662
0,523
1,815

1,661
0,522
1,817

1,659
0,523
1,818

1,657
0,523
1,820

1,655
0,523
1,822

1,654
0,522
1,824

1,652
0,523
1,825

1,650
0,523
1,827

1,649
0,522
1,829

1,647
0,522
1,831

1,645
0,523
1,832

1,643
0,523
1,834

1,642
0,522
1,836

1,640
0,523
1,837

1,638
0,523
1,839

1,636
0,523
1,841

1,635
0,522
1,843

1,633
0,523
1,844

1,631
0,523
1,846

1,629
0,523
1,848

1,628
0,522
1,850

1,626
0,523
1,851

1,624
0,523
1,853

1,623
0,522
1,855

1,621
0,522
1,857

1,619
0,523
1,858

1,617
0,523
1,860

1,616
0,522
1,862

1,614
0,523
1,863

1,612
0,523
1,865

1,610
0,523
1,867

1,609
0,522
1,869

1,607
0,523
1,870

1,605
0,523
1,872

1,603
0,523
1,874

1,602
0,522
1,876

1,600
0,523
1,877

1,598
0,523
1,879

1,597
0,522
1,881

1,595
0,522
1,883

1,593
0,523
1,884

1,591
0,523
1,886

1,590
0,522
1,888

1,588
0,523
1,889

1,586
0,523
1,891

1,584
0,523
1,893

1,583
0,522
1,895

1,581
0,523
1,896

1,579
0,523
1,898

1,577
0,523
1,900

1,576
0,522
1,902

1,574
0,523
1,903

1,572
0,523
1,905

1,571
0,522
1,907

1,569
0,522
1,909

1,567
0,523
1,910

1,565
0,523
1,912

1,564
0,522
1,914

1,562
0,523
1,915

1,560
0,523
1,917

1,558
0,523
1,919

1,557
0,522
1,921

1,555
0,523
1,922

1,553
0,523
1,924

1,551
0,523
1,926

1,550
0,522
1,928

1,548
0,523
1,929

1,546
0,523
1,931

1,545
0,522
1,933

1,543
0,522
1,935

1,541
0,523
1,936

1,539
0,523
1,938

1,538
0,522
1,940

1,536
0,523
1,941

1,534
0,523
1,943

1,532
0,523
1,945

1,531
0,522
1,947

1,529
0,523
1,948

1,527
0,523
1,950

1,525
0,523
1,952

1,524
0,522
1,954

1,522
0,523
1,955

1,520
0,523
1,957

1,519
0,522
1,959

1,517
0,522
1,961

1,515
0,523
1,962

1,513
0,523
1,964

1,512
0,522
1,966

1,510
0,523
1,967

1,508
0,523
1,969

1,506
0,523
1,971

1,505
0,522
1,973

1,503
0,523
1,974

1,501
0,523
1,976

1,499
0,523
1,978

1,498
0,522
1,980

1,496
0,523
1,981

1,494
0,523
1,983

1,493
0,522
1,985

1,491
0,523
1,986

1,489
0,523
1,988

1,487
0,523
1,990

1,486
0,522
1,992

1,484
0,523
1,993

1,482
0,523
1,995

1,480
0,523
1,997

1,479
0,522
1,999

1,477
0,523
1,1000

1,475
0,523
1,1002

1,474
0,522
1,1004

1,472
0,522
1,1006

1,470
0,523
1,1007

1,468
0,523
1,1009

1,467
0,522
1,1011

1,465
0,523
1,1012

1,463
0,523
1,1014

1,461
0,523
1,1016

1,460
0,522
1,1018

1,458
0,523
1,1019

1,456
0,523
1,1021

1,454
0,523
1,1023

1,453
0,522
1,1025

1,451
0,523
1,1026

1,449
0,523
1,1028

1,448
0,522
1,1030

1,446
0,523
1,1031

1,444
0,523
1,1033

1,442
0,523
1,1035

1,441
0,522
1,1037

1,439
0,523
1,1038

1,437
0,523
1,1040

1,435
0,523
1,1042

1,434
0,522
1,1044

1,432
0,523
1,1045

1,430
0,523
1,1047

1,428
0,523
1,1049

1,427
0,522
1,1051

1,425
0,523
1,1052

1,423
0,523
1,1054

1,421
0,523
1,1056

1,420
0,523
1,1057

1,418
0,523
1,1059

1,416
0,523
1,1061

1,415
0,522
1,1063

1,413
0,523
1,1064

1,411
0,523
1,1066

1,409
0,523
1,1068

1,408
0,522
1,1070

1,406
0,523
1,1071

1,404
0,523
1,1073

1,402
0,523
1,1075

1,401
0,522
1,1077

1,399
0,523
1,1078

1,397
0,523
1,1080

1,395
0,523
1,1082

1,394
0,523
1,1083

1,392
0,523
1,1085

1,390
0,523
1,1087

1,389
0,522
1,1089

1,387
0,523
1,1090

1,385
0,523
1,1092

1,383
0,523
1,1094

1,382
0,522
1,1096

1,380
0,523
1,1097

1,378
0,523
1,1099

1,376
0,523
1,1101

1,375
0,522
1,1103

1,373
0,523
1,1104

1,371
0,523
1,1106

1,369
0,523
1,1108

1,368
0,523
1,1109

1,366
0,523
1,1111

1,364
0,523
1,1113

1,363
0,522
1,1115

1,361
0,523
1,1116

1,359
0,523
1,1118

1,357
0,523
1,1120

1,356
0,522
1,1122

1,354
0,523
1,1123

1,352
0,523
1,1125

1,350
0,523
1,1127

1,349
0,523
1,1128

1,347
0,523
1,1130

1,345
0,523
1,1132

1,344
0,522
1,1134

1,342
0,523
1,1135

1,340
0,523
1,1137

1,338
0,523
1,1139

1,337
0,522
1,1141

1,335
0,523
1,1142

1,333
0,523
1,1144

1,331
0,523
1,1146

1,330
0,522
1,1148

1,328
0,523
1,1149

1,326
0,523
1,1151

1,324
0,523
1,1153

1,323
0,523
1,1154

1,321
0,523
1,1156

1,319
0,523
1,1158

1,317
0,523
1,1160

1,316
0,523
1,1161

1,314
0,523
1,1163

1,312
0,523
1,1165

1,311
0,522
1,1167

1,309
0,523
1,1168

1,307
0,523
1,1170

1,305
0,523
1,1172

1,304
0,523
1,1173

1,302
0,523
1,1175

1,300
0,523
1,1177

1,298
0,523
1,1179

1,297
0,523
1,1180

1,295
0,523
1,1182

1,293
0,523
1,1184

1,291
0,523
1,1186

1,290
0,523
1,1187

1,288
0,523
1,1189

1,286
0,523
1,1191

1,284
0,523
1,1193

1,283
0,523
1,1194

1,281
0,523
1,1196

1,279
0,523
1,1198

1,277
0,524
1,1199

1,276
0,523
1,1201

1,274
0,523
1,1203

1,272
0,523
1,1205

1,271
0,523
1,1206

1,269
0,523
1,1208

1,267
0,523
1,1210

1,265
0,523
1,1212

1,264
0,523
1,1213

1,262
0,523
1,1215

1,260
0,523
1,1217

1,258
0,523
1,1219

1,257
0,523
1,1220

1,255
0,523
1,1222

1,253
0,523
1,1224

1,251
0,524
1,1225

1,250
0,523
1,1227

1,248
0,523
1,1229

1,246
0,523
1,1231

1,244
0,524
1,1232

1,243
0,523
1,1234

1,241
0,523
1,1236

1,239
0,523
1,1238

1,238
0,523
1,1239

1,236
0,523
1,1241

1,234
0,523
1,1243

1,232
0,524
1,1244

1,231
0,523
1,1246

1,229
0,523
1,1248

1,227
0,523
1,1250

1,225
0,524
1,1251

1,224
0,523
1,1253

1,222
0,523
1,1255

1,220
0,523
1,1257

1,218
0,524
1,1258

1,217
0,523
1,1260

1,215
0,523
1,1262

1,213
0,523
1,1264

1,211
0,524
1,1265

1,210
0,523
1,1267

1,208
0,523
1,1269

1,206
0,524
1,1270

1,205
0,523
1,1272

1,205
0,521
1,1274

1,207
0,517
1,1276

1,209
0,514
1,1277

1,210
0,511
1,1279

1,212
0,507
1,1281

1,214
0,503
1,1283

1,216
0,500
1,1284

1,217
0,497
1,1286

1,219
0,493
1,1288

1,220
0,490
1,1290

1,222
0,487
1,1291

1,224
0,483
1,1293

1,226
0,479
1,1295

1,227
0,477
1,1296

1,229
0,473
1,1298

1,231
0,469
1,1300

1,232
0,466
1,1302

1,234
0,463
1,1303

1,236
0,459
1,1305

1,238
0,455
1,1307

1,239
0,452
1,1309

1,241
0,449
1,1310

1,242
0,446
1,1312

1,244
0,442
1,1314

1,245
0,440
1,1315

1,246
0,437
1,1317

1,246
0,435
1,1319

1,246
0,433
1,1321

1,244
0,434
1,1322

1,243
0,433
1,1324

1,241
0,433
1,1326

1,239
0,433
1,1328

1,237
0,434
1,1329

1,236
0,433
1,1331

1,234
0,433
1,1333

1,232
0,434
1,1334

1,231
0,433
1,1336

1,229
0,433
1,1338

1,227
0,433
1,1340

1,225
0,434
1,1341

1,224
0,433
1,1343

1,222
0,433
1,1345

1,220
0,433
1,1347

1,219
0,433
1,1348

1,217
0,433
1,1350

1,215
0,433
1,1352

1,213
0,434
1,1353

1,212
0,433
1,1355

1,210
0,433
1,1357

1,208
0,433
1,1359

1,206
0,434
1,1360

1,205
0,433
1,1362

1,203
0,433
1,1364

1,201
0,433
1,1366

1,200
0,433
1,1367

1,198
0,433
1,1369

1,196
0,433
1,1371

1,194
0,433
1,1373

1,193
0,433
1,1374

1,120
0,1
1,70
0,433
1,1376

1,120
0,3
1,66
0,433
1,1378

1,120
0,4
1,64
0,433
1,1379

1,120
0,6
1,60
0,433
1,1381

1,120
0,8
1,56
0,433
1,1383

1,121
0,9
1,52
0,433
1,1385

1,121
0,11
1,49
0,433
1,1386

1,121
0,12
1,46
0,433
1,1388

1,121
0,14
1,42
0,433
1,1390

1,121
0,16
1,39
0,432
1,1392

1,121
0,18
1,35
0,433
1,1393

1,122
0,19
1,31
0,433
1,1395

1,122
0,20
1,28
0,433
1,1397

1,122
0,22
1,25
0,433
1,1398

1,122
0,24
1,21
0,433
1,1400

1,122
0,26
1,17
0,433
1,1402

1,122
0,28
1,13
0,433
1,1404

1,122
0,30
1,10
0,433
1,1405

1,123
0,30
1,7
0,433
1,1407

1,123
0,30
1,5
0,433
1,1409

1,123
0,466
1,1411

1,123
0,465
1,1412

1,123
0,463
1,1414

1,123
0,461
1,1416

1,124
0,459
1,1417

1,124
0,457
1,1419

1,124
0,455
1,1421

1,124
0,453
1,1423

1,124
0,452
1,1424

1,124
0,450
1,1426

1,125
0,447
1,1428

1,125
0,445
1,1430

1,125
0,444
1,1431

1,125
0,442
1,1433

1,125
0,440
1,1435

1,125
0,439
1,1436

1,126
0,436
1,1438

1,125
0,435
1,1440

1,124
0,434
1,1442

1,118
0,439
1,1443

1,114
0,441
1,1445

1,109
0,444
1,1447

1,105
0,446
1,1449

1,100
0,450
1,1450

1,95
0,453
1,1452

1,91
0,455
1,1454

1,87
0,457
1,1456

1,89
0,454
1,1457

1,90
0,451
1,1459

1,92
0,447
1,1461

1,94
0,444
1,1462

1,96
0,440
1,1464

1,97
0,437
1,1466

1,99
0,433
1,1468

1,101
0,430
1,1469

1,102
0,427
1,1471

1,104
0,423
1,1473

1,106
0,419
1,1475

1,108
0,416
1,1476

1,109
0,413
1,1478

1,111
0,409
1,1480

1,113
0,406
1,1481

1,115
0,402
1,1483

1,116
0,399
1,1485

1,118
0,395
1,1487

1,120
0,392
1,1488

1,121
0,389
1,1490

1,123
0,385
1,1492

1,125
0,381
1,1494

1,126
0,379
1,1495

1,128
0,375
1,1497

1,130
0,371
1,1499

1,132
0,368
1,1500

1,133
0,365
1,1502

1,135
0,361
1,1504

1,137
0,357
1,1506

1,138
0,355
1,1507

1,140
0,351
1,1509

1,142
0,347
1,1511

1,143
0,344
1,1513

1,144
0,342
1,1514

1,144
0,340
1,1516

1,145
0,337
1,1518

1,145
0,335
1,1520

1,143
0,336
1,1521

1,141
0,336
1,1523

1,140
0,335
1,1525

1,138
0,336
1,1526

1,137
0,335
1,1528

1,135
0,335
1,1530

1,134
0,334
1,1532

1,132
0,335
1,1533

1,130
0,335
1,1535

1,128
0,335
1,1537

1,127
0,334
1,1539

1,125
0,335
1,1540

1,123
0,335
1,1542

1,122
0,334
1,1544

1,120
0,335
1,1545

1,118
0,335
1,1547

1,117
0,334
1,1549

1,115
0,334
1,1551

1,113
0,335
1,1552

1,112
0,334
1,1554

1,110
0,334
1,1556

1,108
0,334
1,1558

1,107
0,334
1,1559

1,105
0,334
1,1561

1,103
0,334
1,1563

1,102
0,334
1,1564

1,100
0,334
1,1566

1,98
0,334
1,1568

1,96
0,334
1,1570

1,95
0,334
1,1571

1,93
0,334
1,1573

1,91
0,334
1,1575

1,90
0,334
1,1576

1,88
0,334
1,1578

1,86
0,334
1,1580

1,84
0,334
1,1582

1,83
0,334
1,1583

1,81
0,334
1,1585

1,79
0,334
1,1587

1,76
0,335
1,1589

1,77
0,333
1,1590

1,77
0,331
1,1592

1,78
0,328
1,1594

1,80
0,325
1,1595

1,81
0,322
1,1597

1,83
0,318
1,1599

1,85
0,314
1,1601

1,87
0,311
1,1602

1,88
0,308
1,1604

1,90
0,304
1,1606

1,92
0,141
1,4
0,155
1,1608

1,93
0,138
1,8
0,152
1,1609

1,95
0,134
1,11
0,149
1,1611

1,97
0,130
1,15
0,145
1,1613

1,99
0,127
1,18
0,142
1,1614

1,100
0,124
1,22
0,138
1,1616

1,102
0,120
1,26
0,67
1,5
0,62
1,1618

1,104
0,116
1,30
0,64
1,8
0,59
1,1619

1,106
0,113
1,32
0,61
1,12
0,55
1,1621

1,107
0,110
1,36
0,57
1,15
0,52
1,1623

1,109
0,106
1,40
0,53
1,19
0,48
1,1625

1,111
0,102
1,44
0,50
1,22
0,45
1,1626

1,112
0,99
1,47
0,47
1,26
0,41
1,1628

1,114
0,96
1,50
0,43
1,29
0,38
1,1630

1,116
0,92
1,54
0,39
1,33
0,35
1,1631

1,118
0,88
1,58
0,36
1,36
0,31
1,1633

1,119
0,85
1,61
0,33
1,40
0,27
1,1635

1,121
0,82
1,64
0,29
1,43
0,24
1,1637

1,123
0,78
1,68
0,25
1,47
0,21
1,1638

1,125
0,74
1,72
0,22
1,50
0,17
1,1640

1,126
0,71
1,75
0,19
1,54
0,13
1,1642

1,128
0,68
1,78
0,16
1,56
0,11
1,1643

1,130
0,64
1,82
0,12
1,60
0,7
1,1645

1,132
0,60
1,86
0,9
1,63
0,3
1,1647

1,133
0,57
1,89
0,6
1,1715

1,135
0,54
1,92
0,2
1,1717

1,137
0,50
1,1813

1,138
0,47
1,1815

1,140
0,43
1,1817

1,142
0,40
1,1818

1,144
0,36
1,1820

1,145
0,33
1,1822

1,147
0,29
1,1824

1,149
0,26
1,1825

1,150
0,23
1,1827

1,152
0,19
1,1829

1,154
0,15
1,1831

1,155
0,13
1,1832

1,157
0,9
1,1834

1,158
0,6
1,1836

1,160
0,2
1,1838

1,2000

1,2000

1,2000

1,2000

1,2000

1,2000

1,2000

1,2000

1,2000

1,2000

1,2000

1,2000

1,2000

1,2000

1,2000

1,2000

1,2000

1,2000

1,2000

1,2000

1,2000

1,2000

1,2000

1,2000

1,2000

1,2000

1,2000

1,2000

1,2000

1,2000

1,2000

1,2000

1,2000

1,2000

1,2000

1,2000

1,2000

1,2000

1,2000

1,2000

1,2000

1,2000

1,2000

1,2000

1,2000

1,2000

1,2000

1,2000

1,2000

1,2000

1,2000

1,2000

1,2000

1,2000

1,2000

1,2000

1,2000

1,2000

1,2000

1,2000

1,2000

1,2000

1,2000

1,2000

1,2000

1,2000

1,2000

1,2000

1,2000

1,2000

1,2000

1,2000

1,2000

1,2000

1,2000

1,2000

1,2000

1,2000

1,2000

1,2000

1,2000

1,2000

1,2000

1,2000

1,2000

1,2000

1,2000

1,2000

1,2000

1,2000

1,2000

1,2000

1,2000

1,2000

1,2000

1,2000

1,2000

1,2000

1,2000

1,2000

1,2000

1,2000

1,2000

1,2000

1,2000

1,2000

1,2000

1,2000

1,2000

1,2000

1,2000

1,2000

1,2000

1,2000

1,2000

1,2000

1,2000

1,2000

1,2000

1,2000

1,2000

1,2000

1,2000

1,2000

1,2000

1,2000

1,2000

1,2000

1,2000

1,2000

1,2000

1,2000

1,2000

1,2000

1,2000

1,2000

1,2000

1,2000

1,2000

1,2000

1,2000

1,2000

1,2000

1,2000

1,2000

1,2000

1,2000

1,2000

1,2000

1,2000

1,2000

1,2000

1,2000

1,2000

1,2000

1,2000

1,2000

1,2000

1,2000

1,2000

1,2000

1,2000

1,2000

1,2000

1,2000

1,2000

1,2000

1,2000

1,2000

1,2000

1,2000

1,2000

1,2000

1,2000

1,2000

1,2000

1,2000

1,2000

1,2000

1,2000

1,2000

1,2000

1,2000

1,2000

1,2000

1,2000

1,2000

1,2000

1,2000

1,2000

1,2000

1,2000

1,2000

1,2000

1,2000

1,2000

1,2000

1,2000

1,2000

1,2000

1,2000

1,2000

1,2000

1,2000

1,2000

1,2000

1,2000

1,2000

1,2000

1,2000

1,2000

1,2000

1,2000

1,2000

1,2000

1,2000

1,2000

1,2000

1,2000

1,2000

1,2000

1,2000

1,2000

1,2000

1,2000

1,2000

1,2000

1,2000

1,2000

1,2000

1,2000

1,2000

1,2000

1,2000

1,2000

1,2000

1,2000

1,2000

1,2000

1,2000

1,2000

1,2000

1,2000

1,2000

1,2000

1,2000

1,2000

1,2000

1,2000

1,2000

1,2000

1,2000

