1,47
0,253
1,754

1,47
0,254
1,753

1,48
0,254
1,752

1,48
0,255
1,751

1,49
0,254
1,751

1,49
0,255
1,750

1,50
0,255
1,749

1,50
0,255
1,749

1,51
0,255
1,748

1,51
0,256
1,747

1,52
0,256
1,746

1,52
0,256
1,746

1,53
0,256
1,745

1,53
0,257
1,744

1,54
0,257
1,743

1,55
0,256
1,743

1,55
0,257
1,742

1,55
0,258
1,741

1,56
0,258
1,740

1,57
0,257
1,740

1,57
0,258
1,739

1,58
0,258
1,738

1,58
0,259
1,737

1,59
0,258
1,737

1,59
0,259
1,736

1,60
0,259
1,735

1,60
0,260
1,734

1,61
0,259
1,734

1,61
0,260
1,733

1,62
0,260
1,732

1,62
0,261
1,731

1,63
0,260
1,731

1,63
0,261
1,730

1,64
0,261
1,729

1,64
0,262
1,728

1,65
0,261
1,728

1,66
0,261
1,727

1,66
0,262
1,726

1,67
0,261
1,726

1,67
0,262
1,725

1,68
0,262
1,724

1,68
0,263
1,723

1,69
0,262
1,723

1,69
0,263
1,722

1,70
0,263
1,721

1,70
0,264
1,720

1,71
0,263
1,720

1,71
0,264
1,719

1,72
0,264
1,718

1,72
0,265
1,717

1,73
0,264
1,717

1,73
0,265
1,716

1,74
0,265
1,715

1,74
0,266
1,714

1,75
0,265
1,714

1,75
0,266
1,713

1,76
0,266
1,712

1,76
0,267
1,711

1,77
0,266
1,711

1,77
0,267
1,710

1,78
0,267
1,709

1,79
0,266
1,709

1,79
0,267
1,708

1,80
0,267
1,707

1,80
0,268
1,706

1,81
0,267
1,706

1,81
0,268
1,705

1,82
0,268
1,704

1,82
0,269
1,703

1,83
0,268
1,703

1,83
0,269
1,702

1,84
0,269
1,701

1,84
0,270
1,700

1,85
0,269
1,700

1,85
0,270
1,699

1,86
0,270
1,698

1,86
0,271
1,697

1,87
0,270
1,697

1,87
0,271
1,696

1,88
0,271
1,695

1,88
0,272
1,694

1,89
0,271
1,694

1,90
0,271
1,693

1,90
0,272
1,692

1,91
0,272
1,691

1,91
0,272
1,691

1,92
0,272
1,690

1,92
0,273
1,689

1,93
0,273
1,688

1,93
0,273
1,688

1,94
0,273
1,687

1,94
0,274
1,686

1,95
0,273
1,686

1,95
0,274
1,685

1,96
0,274
1,684

1,96
0,275
1,683

1,97
0,274
1,683

1,97
0,275
1,682

1,98
0,275
1,681

1,98
0,276
1,680

1,99
0,275
1,680

1,99
0,276
1,679

1,100
0,276
1,678

1,100
0,277
1,677

1,101
0,276
1,677

1,102
0,276
1,676

1,102
0,277
1,675

1,103
0,277
1,674

1,103
0,277
1,674

1,104
0,277
1,673

1,104
0,278
1,672

1,105
0,278
1,671

1,105
0,278
1,671

1,106
0,278
1,670

1,106
0,279
1,669

1,107
0,279
1,668

1,107
0,279
1,668

1,108
0,279
1,667

1,108
0,280
1,666

1,109
0,279
1,666

1,109
0,280
1,665

1,110
0,280
1,664

1,110
0,281
1,663

1,111
0,280
1,663

1,111
0,281
1,662

1,112
0,281
1,661

1,112
0,282
1,660

1,113
0,281
1,660

1,114
0,281
1,659

1,114
0,282
1,658

1,115
0,282
1,657

1,115
0,282
1,657

1,116
0,282
1,656

1,116
0,283
1,655

1,117
0,283
1,654

1,117
0,283
1,654

1,118
0,283
1,653

1,118
0,284
1,652

1,119
0,284
1,651

1,119
0,284
1,651

1,120
0,284
1,650

1,120
0,285
1,649

1,121
0,285
1,648

1,121
0,285
1,648

1,122
0,285
1,647

1,122
0,286
1,646

1,123
0,285
1,646

1,123
0,286
1,645

1,124
0,286
1,644

1,125
0,286
1,643

1,125
0,286
1,643

1,126
0,286
1,642

1,126
0,287
1,641

1,127
0,287
1,640

1,127
0,287
1,640

1,128
0,287
1,639

1,128
0,288
1,638

1,129
0,288
1,637

1,129
0,288
1,637

1,130
0,288
1,636

1,130
0,289
1,635

1,131
0,289
1,634

1,131
0,289
1,634

1,132
0,289
1,633

1,132
0,290
1,632

1,133
0,290
1,631

1,133
0,290
1,631

1,134
0,290
1,630

1,134
0,291
1,629

1,135
0,291
1,628

1,135
0,291
1,628

1,136
0,291
1,627

1,137
0,291
1,626

1,137
0,292
1,625

1,138
0,291
1,625

1,138
0,292
1,624

1,139
0,292
1,623

1,139
0,292
1,623

1,140
0,292
1,622

1,140
0,293
1,621

1,141
0,293
1,620

1,141
0,293
1,620

1,142
0,293
1,619

1,142
0,294
1,618

1,143
0,294
1,617

1,143
0,294
1,617

1,144
0,294
1,616

1,144
0,295
1,615

1,145
0,295
1,614

1,145
0,295
1,614

1,146
0,295
1,613

1,146
0,296
1,612

1,147
0,296
1,611

1,148
0,295
1,611

1,148
0,296
1,610

1,149
0,296
1,609

1,149
0,297
1,608

1,150
0,296
1,608

1,150
0,297
1,607

1,151
0,297
1,606

1,151
0,298
1,605

1,152
0,297
1,605

1,152
0,298
1,604

1,153
0,298
1,603

1,153
0,299
1,602

1,154
0,298
1,602

1,154
0,299
1,601

1,155
0,299
1,600

1,155
0,299
1,600

1,156
0,299
1,599

1,156
0,300
1,598

1,157
0,300
1,597

1,157
0,300
1,597

1,158
0,300
1,596

1,159
0,300
1,595

1,159
0,301
1,594

1,160
0,300
1,594

1,160
0,301
1,593

1,161
0,301
1,592

1,161
0,302
1,591

1,162
0,301
1,591

1,162
0,302
1,590

1,163
0,302
1,589

1,163
0,303
1,588

1,164
0,302
1,588

1,164
0,303
1,587

1,165
0,303
1,586

1,165
0,304
1,585

1,166
0,303
1,585

1,166
0,304
1,584

1,167
0,304
1,583

1,167
0,304
1,583

1,168
0,304
1,582

1,168
0,305
1,581

1,169
0,305
1,580

1,169
0,305
1,580

1,170
0,305
1,579

1,171
0,305
1,578

1,171
0,306
1,577

1,172
0,305
1,577

1,172
0,306
1,576

1,173
0,306
1,575

1,173
0,307
1,574

1,174
0,306
1,574

1,174
0,307
1,573

1,175
0,307
1,572

1,175
0,308
1,571

1,176
0,307
1,571

1,176
0,308
1,570

1,177
0,308
1,569

1,177
0,309
1,568

1,178
0,308
1,568

1,178
0,309
1,567

1,179
0,309
1,566

1,179
0,310
1,565

1,180
0,309
1,565

1,180
0,310
1,564

1,181
0,310
1,563

1,182
0,310
1,562

1,182
0,310
1,562

1,183
0,310
1,561

1,183
0,311
1,560

1,184
0,310
1,560

1,184
0,311
1,559

1,185
0,311
1,558

1,185
0,312
1,557

1,186
0,311
1,557

1,186
0,312
1,556

1,187
0,312
1,555

1,187
0,313
1,554

1,188
0,312
1,554

1,188
0,313
1,553

1,189
0,313
1,552

1,189
0,314
1,551

1,190
0,313
1,551

1,190
0,314
1,550

1,191
0,314
1,549

1,191
0,315
1,548

1,192
0,314
1,548

1,192
0,315
1,547

1,193
0,315
1,546

1,194
0,314
1,546

1,194
0,315
1,545

1,195
0,315
1,544

1,195
0,316
1,543

1,196
0,316
1,542

1,196
0,316
1,542

1,197
0,316
1,541

1,197
0,317
1,540

1,198
0,316
1,540

1,198
0,317
1,539

1,199
0,317
1,538

1,199
0,318
1,537

1,200
0,317
1,537

1,200
0,318
1,536

1,201
0,318
1,535

1,201
0,319
1,534

1,202
0,318
1,534

1,202
0,319
1,533

1,203
0,319
1,532

1,203
0,320
1,531

1,204
0,319
1,531

1,205
0,319
1,530

1,205
0,320
1,529

1,206
0,320
1,528

1,206
0,320
1,528

1,207
0,320
1,527

1,207
0,321
1,526

1,208
0,321
1,525

1,208
0,321
1,525

1,209
0,321
1,524

1,209
0,322
1,523

1,210
0,322
1,522

1,210
0,322
1,522

1,211
0,322
1,521

1,211
0,323
1,520

1,212
0,322
1,520

1,212
0,323
1,519

1,213
0,323
1,518

1,213
0,324
1,517

1,214
0,323
1,517

1,214
0,324
1,516

1,215
0,324
1,515

1,215
0,325
1,514

1,216
0,324
1,514

1,217
0,324
1,513

1,217
0,325
1,512

1,218
0,325
1,511

1,218
0,325
1,511

1,219
0,325
1,510

1,219
0,326
1,509

1,220
0,326
1,508

1,220
0,326
1,508

1,221
0,326
1,507

1,221
0,327
1,506

1,222
0,327
1,505

1,222
0,327
1,505

1,223
0,327
1,504

1,223
0,328
1,503

1,224
0,328
1,502

1,224
0,328
1,502

1,225
0,328
1,501

1,225
0,329
1,500

1,226
0,328
1,500

1,226
0,329
1,499

1,227
0,329
1,498

1,228
0,329
1,497

1,228
0,329
1,497

1,229
0,329
1,496

1,229
0,330
1,495

1,230
0,330
1,494

1,230
0,330
1,494

1,231
0,330
1,493

1,231
0,331
1,492

1,232
0,331
1,491

1,232
0,331
1,491

1,166
0,21
1,46
0,331
1,490

1,135
0,52
1,46
0,332
1,489

1,104
0,83
1,47
0,332
1,488

1,104
0,83
1,47
0,332
1,488

1,104
0,84
1,47
0,332
1,487

1,104
0,84
1,47
0,333
1,486

1,104
0,84
1,48
0,333
1,485

1,104
0,84
1,48
0,333
1,485

1,104
0,84
1,49
0,333
1,484

1,104
0,85
1,48
0,334
1,483

1,104
0,85
1,49
0,334
1,482

1,103
0,86
1,49
0,334
1,482

1,103
0,86
1,50
0,334
1,481

1,103
0,86
1,51
0,334
1,480

1,103
0,86
1,51
0,334
1,480

1,103
0,87
1,51
0,334
1,479

1,103
0,87
1,51
0,335
1,478

1,103
0,87
1,52
0,335
1,477

1,103
0,87
1,52
0,335
1,477

1,103
0,87
1,53
0,335
1,476

1,103
0,87
1,53
0,336
1,475

1,103
0,88
1,53
0,336
1,474

1,103
0,88
1,53
0,336
1,474

1,103
0,88
1,54
0,336
1,473

1,103
0,88
1,54
0,337
1,472

1,103
0,88
1,55
0,337
1,471

1,103
0,88
1,55
0,337
1,471

1,103
0,89
1,55
0,337
1,470

1,103
0,89
1,55
0,338
1,469

1,103
0,89
1,56
0,338
1,468

1,103
0,89
1,56
0,338
1,468

1,103
0,89
1,57
0,338
1,467

1,103
0,90
1,56
0,339
1,466

1,103
0,90
1,57
0,339
1,465

1,102
0,91
1,58
0,338
1,465

1,102
0,91
1,58
0,339
1,464

1,102
0,91
1,59
0,339
1,463

1,102
0,91
1,59
0,340
1,462

1,102
0,92
1,59
0,339
1,462

1,102
0,92
1,59
0,340
1,461

1,102
0,92
1,60
0,340
1,460

1,102
0,92
1,60
0,341
1,459

1,102
0,92
1,61
0,340
1,459

1,102
0,92
1,61
0,341
1,458

1,102
0,93
1,60
0,342
1,457

1,102
0,93
1,60
0,342
1,457

1,102
0,93
1,60
0,343
1,456

1,102
0,93
1,60
0,344
1,455

1,102
0,93
1,60
0,345
1,454

1,102
0,94
1,59
0,345
1,454

1,102
0,94
1,59
0,346
1,453

1,102
0,94
1,59
0,347
1,452

1,102
0,94
1,59
0,348
1,451

1,102
0,94
1,59
0,348
1,451

1,102
0,94
1,59
0,349
1,450

1,101
0,96
1,58
0,350
1,449

1,101
0,96
1,58
0,351
1,448

1,101
0,96
1,58
0,351
1,448

1,101
0,96
1,58
0,352
1,447

1,101
0,97
1,57
0,353
1,446

1,101
0,98
1,56
0,354
1,445

1,101
0,99
1,55
0,354
1,445

1,101
0,100
1,54
0,355
1,444

1,101
0,102
1,52
0,356
1,443

1,101
0,103
1,51
0,357
1,442

1,101
0,104
1,50
0,357
1,442

1,101
0,105
1,49
0,358
1,437
0,4

1,101
0,107
1,47
0,359
1,421
0,19

1,101
0,108
1,46
0,360
1,404
0,35

1,101
0,109
1,45
0,360
1,389
0,50

1,101
0,110
1,44
0,361
1,372
0,66

1,101
0,112
1,42
0,362
1,356
0,81

1,101
0,113
1,41
0,362
1,340
0,97

1,101
0,114
1,40
0,363
1,324
0,112

1,101
0,115
1,39
0,364
1,307
0,128

1,101
0,116
1,38
0,365
1,291
0,143

1,102
0,117
1,36
0,365
1,276
0,158

1,102
0,118
1,27
0,374
1,259
0,174

1,102
0,119
1,16
0,385
1,243
0,189

1,102
0,120
1,5
0,396
1,226
0,205

1,103
0,520
1,211
0,220

1,103
0,521
1,194
0,236

1,103
0,522
1,178
0,251

1,103
0,523
1,162
0,266

1,103
0,523
1,146
0,282

1,104
0,523
1,130
0,297

1,104
0,524
1,114
0,312

1,104
0,525
1,97
0,328

1,104
0,525
1,82
0,343

1,105
0,525
1,65
0,359

1,105
0,526
1,50
0,373

1,105
0,527
1,33
0,389

1,105
0,527
1,18
0,404

1,106
0,527
1,1
0,420

1,106
0,948

1,106
0,948

1,106
0,948

1,106
0,948

1,107
0,947

1,107
0,947

1,107
0,947

1,107
0,947

1,108
0,946

1,108
0,946

1,108
0,946

1,108
0,946

1,109
0,945

1,109
0,945

1,109
0,945

1,109
0,945

1,110
0,944

1,110
0,944

1,110
0,944

1,110
0,944

1,110
0,944

1,111
0,943

1,111
0,943

1,111
0,943

1,111
0,943

1,112
0,942

1,112
0,942

1,112
0,942

1,112
0,942

1,112
0,942

1,113
0,941

1,113
0,941

1,113
0,941

1,113
0,941

1,114
0,940

1,114
0,940

1,114
0,940

1,114
0,940

1,115
0,939

1,115
0,939

1,115
0,939

1,115
0,939

1,115
0,939

1,116
0,938

1,116
0,938

1,116
0,938

1,116
0,938

1,117
0,937

1,117
0,937

1,117
0,937

1,117
0,937

1,118
0,936

1,118
0,936

1,118
0,936

1,118
0,936

1,118
0,936

1,119
0,935

1,119
0,935

1,119
0,935

1,119
0,935

1,120
0,934

1,120
0,934

1,120
0,934

1,120
0,934

1,121
0,933

1,121
0,933

1,121
0,933

1,121
0,933

1,122
0,932

1,122
0,932

1,122
0,932

1,122
0,932

1,122
0,932

1,123
0,931

1,123
0,931

1,123
0,931

1,123
0,931

1,124
0,930

1,124
0,930

1,124
0,930

1,124
0,930

1,125
0,929

1,125
0,929

1,125
0,929

1,125
0,929

1,125
0,929

1,126
0,928

1,126
0,928

1,126
0,928

1,126
0,928

1,127
0,927

1,127
0,927

1,127
0,927

1,127
0,927

1,128
0,926

1,128
0,926

1,128
0,926

1,128
0,926

1,128
0,926

1,129
0,925

1,129
0,925

1,129
0,925

1,129
0,925

1,130
0,924

1,130
0,924

1,130
0,924

1,130
0,924

1,131
0,923

1,131
0,923

1,131
0,923

1,131
0,923

1,131
0,923

1,132
0,922

1,132
0,922

1,132
0,922

1,132
0,922

1,133
0,921

1,133
0,921

1,133
0,921

1,133
0,921

1,134
0,920

1,134
0,920

1,134
0,920

1,134
0,920

1,134
0,920

1,135
0,120
1,2
0,797

1,135
0,117
1,6
0,796

1,135
0,114
1,10
0,795

1,135
0,111
1,14
0,794

1,136
0,107
1,18
0,793

1,136
0,104
1,21
0,793

1,136
0,101
1,25
0,792

1,136
0,98
1,29
0,791

1,137
0,94
1,33
0,790

1,137
0,91
1,37
0,789

1,137
0,88
1,41
0,788

1,137
0,85
1,45
0,787

1,138
0,81
1,49
0,786

1,138
0,78
1,53
0,785

1,138
0,75
1,57
0,784

1,138
0,72
1,60
0,784

1,138
0,69
1,64
0,783

1,139
0,65
1,68
0,782

1,139
0,62
1,72
0,781

1,139
0,59
1,76
0,780

1,139
0,56
1,80
0,779

1,140
0,52
1,84
0,778

1,140
0,49
1,88
0,777

1,140
0,46
1,92
0,776

1,140
0,43
1,96
0,775

1,140
0,40
1,99
0,775

1,141
0,36
1,103
0,774

1,141
0,33
1,108
0,772

1,141
0,30
1,111
0,772

1,141
0,27
1,111
0,775

1,142
0,23
1,111
0,778

1,142
0,20
1,111
0,781

1,142
0,17
1,111
0,784

1,142
0,14
1,111
0,787

1,143
0,10
1,110
0,791

1,143
0,7
1,110
0,794

1,143
0,4
1,110
0,797

1,254
0,800

1,251
0,803

1,248
0,806

1,245
0,809

1,242
0,812

1,239
0,815

1,236
0,818

1,233
0,821

1,230
0,824

1,227
0,827

1,224
0,830

1,221
0,833

1,217
0,837

1,214
0,840

1,211
0,843

1,208
0,846

1,205
0,849

1,202
0,852

1,199
0,855

1,69
0,7
1,80
0,4
1,36
0,858

1,57
0,20
1,75
0,11
1,30
0,861

1,46
0,32
1,71
0,17
1,24
0,864

1,34
0,45
1,67
0,23
1,18
0,867

1,22
0,57
1,63
0,29
1,13
0,870

1,10
0,70
1,46
0,48
1,7
0,873

1,2
0,79
1,30
0,66
1,2
0,875

1,2
0,80
1,13
0,959

1,2
0,1052

1,2
0,1052

1,2
0,1052

1,2
0,1052

1,2
0,1052

1,2
0,1052

1,2
0,1052

1,2
0,1052

1,2
0,1052

1,2
0,1052

1,2
0,1052

1,2
0,1052

1,2
0,1052

1,2
0,1052

1,2
0,1052

1,2
0,1052

1,2
0,1052

1,2
0,1052

1,2
0,1052

1,2
0,1052

1,2
0,1052

1,2
0,1052

1,2
0,1052

1,2
0,1052

1,2
0,1052

1,2
0,1052

1,2
0,1052

1,2
0,1052

1,2
0,1052

1,2
0,1052

1,2
0,1052

1,2
0,1052

1,2
0,1052

1,2
0,1052

1,2
0,1052

1,2
0,1052

1,2
0,1052

1,2
0,1052

1,2
0,1052

1,2
0,1052

1,2
0,1052

1,2
0,1052

1,2
0,1052

1,2
0,1052

1,2
0,1052

1,2
0,1052

1,2
0,1052

1,2
0,1052

1,2
0,1052

1,2
0,1052

1,2
0,1052

1,2
0,1052

1,2
0,1052

1,2
0,1052

1,2
0,1052

1,2
0,1052

1,2
0,1052

1,2
0,1052

1,2
0,1052

1,2
0,1052

1,2
0,1052

1,2
0,1052

1,2
0,1052

1,2
0,1052

1,2
0,1052

1,2
0,1052

1,2
0,1052

1,2
0,1052

1,2
0,1052

1,2
0,1052

1,2
0,1052

1,2
0,1052

1,2
0,1052

1,2
0,1052

1,2
0,1052

1,2
0,1052

1,2
0,1052

1,2
0,1052

1,2
0,1052

1,2
0,1052

1,2
0,1052

1,3
0,1051

1,3
0,1051

1,3
0,1051

1,3
0,1051

1,3
0,1051

1,3
0,1051

1,3
0,1051

1,3
0,1051

1,3
0,1051

1,3
0,1051

1,3
0,1051

1,3
0,1051

1,3
0,1051

1,3
0,1051

1,3
0,1051

1,3
0,1051

1,3
0,1051

1,3
0,1051

1,3
0,1051

1,3
0,421
1,630

1,1054

