1,768
0,460
1,32

1,768
0,459
1,33

1,768
0,458
1,34

1,768
0,458
1,34

1,768
0,457
1,35

1,768
0,457
1,35

1,768
0,456
1,36

1,768
0,455
1,37

1,768
0,454
1,38

1,768
0,454
1,38

1,768
0,453
1,39

1,768
0,453
1,39

1,768
0,452
1,40

1,768
0,451
1,41

1,768
0,451
1,41

1,768
0,450
1,42

1,768
0,449
1,43

1,768
0,449
1,43

1,768
0,448
1,44

1,768
0,448
1,44

1,768
0,447
1,45

1,768
0,446
1,46

1,768
0,446
1,46

1,768
0,445
1,47

1,768
0,444
1,48

1,768
0,444
1,48

1,768
0,443
1,49

1,768
0,442
1,50

1,768
0,442
1,50

1,768
0,441
1,51

1,768
0,441
1,51

1,768
0,440
1,52

1,768
0,439
1,53

1,768
0,439
1,53

1,768
0,438
1,54

1,768
0,438
1,54

1,768
0,437
1,55

1,768
0,436
1,56

1,768
0,436
1,56

1,768
0,435
1,57

1,768
0,434
1,58

1,768
0,434
1,58

1,768
0,433
1,59

1,768
0,432
1,60

1,768
0,432
1,60

1,768
0,431
1,61

1,768
0,431
1,61

1,768
0,430
1,62

1,768
0,429
1,63

1,768
0,428
1,64

1,768
0,428
1,64

1,768
0,427
1,65

1,768
0,427
1,65

1,768
0,426
1,66

1,768
0,425
1,67

1,768
0,425
1,67

1,768
0,424
1,68

1,768
0,424
1,68

1,768
0,423
1,69

1,768
0,422
1,70

1,768
0,422
1,70

1,768
0,421
1,71

1,768
0,420
1,72

1,768
0,420
1,72

1,768
0,419
1,73

1,768
0,418
1,74

1,767
0,419
1,74

1,767
0,418
1,75

1,767
0,418
1,75

1,767
0,417
1,76

1,767
0,416
1,77

1,767
0,415
1,78

1,767
0,415
1,78

1,767
0,414
1,79

1,767
0,414
1,79

1,767
0,413
1,80

1,767
0,412
1,81

1,767
0,412
1,81

1,767
0,411
1,82

1,767
0,410
1,83

1,767
0,410
1,83

1,767
0,409
1,84

1,767
0,409
1,84

1,767
0,408
1,85

1,767
0,407
1,86

1,767
0,407
1,86

1,767
0,406
1,87

1,767
0,405
1,88

1,767
0,405
1,88

1,767
0,404
1,89

1,767
0,404
1,89

1,767
0,403
1,90

1,767
0,402
1,91

1,767
0,401
1,92

1,767
0,401
1,92

1,767
0,400
1,93

1,767
0,400
1,93

1,767
0,399
1,94

1,767
0,398
1,95

1,767
0,398
1,95

1,767
0,397
1,96

1,767
0,396
1,97

1,767
0,396
1,97

1,767
0,395
1,98

1,767
0,395
1,98

1,767
0,394
1,99

1,767
0,393
1,100

1,767
0,393
1,100

1,767
0,392
1,101

1,767
0,391
1,102

1,767
0,391
1,102

1,767
0,390
1,103

1,767
0,390
1,103

1,767
0,389
1,104

1,767
0,388
1,105

1,767
0,387
1,106

1,767
0,387
1,106

1,767
0,386
1,107

1,767
0,386
1,107

1,767
0,385
1,108

1,767
0,384
1,109

1,767
0,384
1,109

1,767
0,383
1,110

1,767
0,382
1,111

1,767
0,382
1,111

1,767
0,381
1,112

1,767
0,381
1,112

1,767
0,380
1,113

1,767
0,379
1,114

1,767
0,379
1,114

1,767
0,378
1,115

1,767
0,377
1,116

1,767
0,377
1,116

1,767
0,376
1,117

1,767
0,376
1,117

1,767
0,375
1,118

1,767
0,374
1,119

1,767
0,373
1,120

1,767
0,373
1,120

1,767
0,372
1,121

1,767
0,372
1,121

1,767
0,371
1,122

1,767
0,370
1,123

1,767
0,370
1,123

1,767
0,369
1,124

1,767
0,368
1,125

1,767
0,368
1,125

1,767
0,367
1,126

1,767
0,367
1,126

1,767
0,366
1,127

1,767
0,365
1,128

1,767
0,365
1,128

1,767
0,364
1,129

1,767
0,363
1,130

1,767
0,363
1,130

1,767
0,362
1,131

1,767
0,362
1,131

1,767
0,361
1,132

1,767
0,360
1,133

1,767
0,359
1,134

1,767
0,359
1,134

1,767
0,358
1,135

1,767
0,358
1,135

1,767
0,357
1,136

1,767
0,356
1,137

1,767
0,356
1,137

1,767
0,355
1,138

1,767
0,354
1,139

1,767
0,354
1,139

1,767
0,353
1,140

1,767
0,353
1,140

1,767
0,352
1,141

1,767
0,351
1,142

1,767
0,351
1,142

1,767
0,350
1,143

1,767
0,349
1,144

1,767
0,349
1,144

1,767
0,348
1,145

1,767
0,348
1,145

1,767
0,347
1,146

1,767
0,346
1,147

1,767
0,345
1,148

1,767
0,345
1,148

1,767
0,344
1,149

1,767
0,344
1,149

1,767
0,343
1,150

1,767
0,342
1,151

1,767
0,342
1,151

1,767
0,341
1,152

1,767
0,340
1,153

1,767
0,340
1,153

1,767
0,339
1,154

1,767
0,339
1,154

1,767
0,338
1,155

1,767
0,337
1,156

1,767
0,337
1,156

1,767
0,336
1,157

1,767
0,335
1,158

1,766
0,336
1,158

1,766
0,335
1,159

1,766
0,335
1,159

1,765
0,335
1,160

1,764
0,335
1,161

1,763
0,336
1,161

1,762
0,336
1,162

1,761
0,336
1,163

1,760
0,337
1,163

1,759
0,337
1,164

1,758
0,337
1,165

1,757
0,338
1,165

1,756
0,338
1,166

1,755
0,339
1,166

1,754
0,339
1,167

1,753
0,339
1,168

1,752
0,340
1,168

1,751
0,340
1,169

1,750
0,340
1,170

1,749
0,341
1,170

1,748
0,341
1,171

1,747
0,341
1,172

1,746
0,342
1,172

1,745
0,342
1,173

1,744
0,343
1,173

1,743
0,343
1,174

1,742
0,343
1,175

1,741
0,344
1,175

1,740
0,344
1,176

1,739
0,344
1,177

1,738
0,345
1,177

1,737
0,345
1,178

1,736
0,345
1,179

1,735
0,346
1,179

1,734
0,346
1,180

1,733
0,347
1,180

1,732
0,347
1,181

1,731
0,347
1,182

1,730
0,348
1,182

1,729
0,348
1,183

1,728
0,348
1,184

1,727
0,349
1,184

1,726
0,349
1,185

1,725
0,350
1,185

1,724
0,350
1,186

1,723
0,350
1,187

1,722
0,350
1,188

1,721
0,351
1,188

1,720
0,351
1,189

1,719
0,352
1,189

1,718
0,352
1,190

1,717
0,352
1,191

1,716
0,353
1,191

1,715
0,353
1,192

1,714
0,354
1,192

1,713
0,354
1,193

1,712
0,354
1,194

1,711
0,355
1,194

1,710
0,355
1,195

1,709
0,355
1,196

1,708
0,356
1,196

1,707
0,356
1,197

1,706
0,356
1,198

1,705
0,357
1,198

1,704
0,357
1,199

1,703
0,358
1,199

1,702
0,358
1,200

1,701
0,358
1,201

1,700
0,358
1,202

1,699
0,359
1,202

1,698
0,359
1,203

1,697
0,360
1,203

1,696
0,360
1,204

1,695
0,360
1,205

1,694
0,361
1,205

1,693
0,361
1,206

1,692
0,362
1,206

1,691
0,362
1,207

1,690
0,362
1,208

1,689
0,363
1,208

1,688
0,363
1,209

1,687
0,363
1,210

1,686
0,364
1,210

1,685
0,364
1,211

1,684
0,364
1,212

1,683
0,365
1,212

1,682
0,365
1,213

1,681
0,366
1,213

1,680
0,366
1,214

1,679
0,366
1,215

1,678
0,366
1,216

1,677
0,367
1,216

1,676
0,368
1,216

1,675
0,368
1,217

1,674
0,368
1,218

1,673
0,368
1,219

1,672
0,369
1,219

1,671
0,369
1,220

1,670
0,369
1,221

1,669
0,370
1,221

1,668
0,370
1,222

1,667
0,371
1,222

1,666
0,371
1,223

1,665
0,371
1,224

1,663
0,373
1,224

1,662
0,373
1,225

1,661
0,373
1,226

1,660
0,374
1,226

1,659
0,374
1,227

1,658
0,375
1,227

1,657
0,375
1,228

1,656
0,375
1,229

1,655
0,375
1,230

1,654
0,376
1,230

1,653
0,376
1,231

1,652
0,377
1,231

1,651
0,377
1,232

1,650
0,377
1,233

1,649
0,378
1,233

1,648
0,378
1,234

1,647
0,378
1,235

1,646
0,379
1,235

1,645
0,379
1,236

1,644
0,380
1,236

1,643
0,380
1,237

1,642
0,380
1,238

1,641
0,381
1,238

1,640
0,381
1,239

1,639
0,381
1,240

1,638
0,382
1,240

1,637
0,382
1,241

1,636
0,383
1,241

1,635
0,383
1,242

1,634
0,383
1,243

1,633
0,383
1,244

1,632
0,384
1,244

1,631
0,384
1,245

1,630
0,385
1,245

1,629
0,385
1,246

1,628
0,385
1,247

1,627
0,386
1,247

1,626
0,386
1,248

1,625
0,386
1,249

1,624
0,387
1,249

1,623
0,387
1,250

1,409
0,14
1,199
0,388
1,250

1,401
0,23
1,197
0,388
1,251

1,388
0,37
1,195
0,388
1,252

1,380
0,47
1,192
0,389
1,252

1,366
0,62
1,190
0,389
1,253

1,358
0,71
1,188
0,389
1,254

1,344
0,86
1,186
0,390
1,254

1,336
0,95
1,184
0,390
1,255

1,329
0,103
1,182
0,391
1,255

1,329
0,104
1,180
0,391
1,256

1,329
0,105
1,178
0,391
1,257

1,329
0,106
1,176
0,391
1,258

1,329
0,107
1,174
0,392
1,258

1,329
0,108
1,172
0,392
1,259

1,329
0,109
1,170
0,393
1,259

1,329
0,110
1,168
0,393
1,260

1,329
0,111
1,166
0,393
1,261

1,329
0,112
1,164
0,394
1,261

1,329
0,114
1,161
0,394
1,262

1,329
0,115
1,159
0,394
1,263

1,329
0,116
1,157
0,395
1,263

1,329
0,117
1,155
0,395
1,264

0,1
1,328
0,118
1,153
0,396
1,264

0,5
1,324
0,119
1,151
0,396
1,265

0,7
1,322
0,120
1,149
0,396
1,266

0,11
1,318
0,122
1,146
0,397
1,266

0,13
1,316
0,123
1,144
0,397
1,267

0,17
1,312
0,124
1,142
0,397
1,268

0,19
1,310
0,125
1,140
0,398
1,268

0,23
1,306
0,126
1,138
0,398
1,269

0,25
1,304
0,127
1,136
0,399
1,269

0,29
1,300
0,128
1,134
0,399
1,270

0,31
1,298
0,129
1,132
0,399
1,271

0,35
1,294
0,130
1,130
0,400
1,271

0,37
1,292
0,131
1,128
0,400
1,272

0,41
1,288
0,132
1,126
0,400
1,273

0,43
1,286
0,133
1,124
0,401
1,273

0,47
1,282
0,134
1,122
0,401
1,274

0,49
1,280
0,135
1,15
0,6
1,99
0,401
1,275

0,52
1,277
0,137
1,2
0,18
1,97
0,402
1,275

0,55
1,274
0,158
1,95
0,402
1,276

0,58
1,271
0,158
1,94
0,403
1,276

0,61
1,268
0,159
1,92
0,403
1,277

0,64
1,265
0,159
1,91
0,403
1,278

0,67
1,262
0,160
1,89
0,404
1,278

0,70
1,259
0,161
1,87
0,404
1,279

0,73
1,256
0,162
1,85
0,404
1,280

0,76
1,253
0,162
1,84
0,405
1,280

0,79
1,250
0,163
1,82
0,405
1,281

0,82
1,247
0,164
1,80
0,405
1,282

0,85
1,244
0,164
1,79
0,406
1,282

0,88
1,240
0,166
1,15
0,1
1,61
0,406
1,283

0,91
1,237
0,167
1,7
0,9
1,59
0,407
1,283

0,94
1,228
0,190
1,57
0,407
1,284

0,97
1,218
0,198
1,55
0,407
1,285

0,100
1,213
0,201
1,53
0,408
1,285

0,102
1,211
0,202
1,51
0,408
1,286

0,106
1,207
0,202
1,50
0,408
1,287

0,108
1,205
0,203
1,48
0,409
1,287

0,112
1,201
0,204
1,46
0,409
1,288

0,114
1,199
0,204
1,45
0,409
1,289

0,118
1,195
0,205
1,40
0,413
1,289

0,120
1,193
0,206
1,34
0,417
1,290

0,124
1,189
0,207
1,24
0,426
1,290

0,126
1,187
0,208
1,19
0,429
1,291

0,130
1,183
0,209
1,9
0,437
1,292

0,132
1,181
0,209
1,4
0,442
1,292

0,136
1,177
0,654
1,293

0,138
1,174
0,654
1,294

0,142
1,161
0,663
1,294

0,144
1,151
0,670
1,295

0,148
1,139
0,677
1,296

0,150
1,137
0,677
1,296

0,153
1,134
0,676
1,297

0,156
1,131
0,676
1,297

0,159
1,128
0,675
1,298

0,162
1,125
0,674
1,299

0,165
1,122
0,674
1,299

0,168
1,119
0,673
1,300

0,171
1,116
0,672
1,301

0,174
1,113
0,672
1,301

0,177
1,110
0,671
1,302

0,180
1,107
0,670
1,303

0,183
1,104
0,670
1,303

0,186
1,101
0,669
1,304

0,188
1,99
0,669
1,304

0,192
1,95
0,668
1,305

0,194
1,93
0,667
1,306

0,198
1,89
0,667
1,306

0,200
1,86
0,667
1,307

0,204
1,73
0,675
1,308

0,206
1,65
0,681
1,308

0,209
1,51
0,691
1,309

0,211
1,43
0,696
1,310

0,215
1,29
0,706
1,310

0,218
1,19
0,712
1,311

0,221
1,6
0,722
1,311

0,948
1,312

0,947
1,313

0,947
1,313

0,946
1,314

0,945
1,315

0,945
1,315

0,944
1,316

0,943
1,317

0,943
1,317

0,942
1,318

0,942
1,318

0,941
1,319

0,940
1,320

0,940
1,320

0,939
1,321

0,939
1,321

0,938
1,322

0,937
1,323

0,937
1,323

0,936
1,324

0,935
1,325

0,934
1,326

0,934
1,326

0,933
1,327

0,933
1,327

0,932
1,328

0,931
1,329

0,931
1,329

0,930
1,330

0,930
1,330

0,929
1,331

0,928
1,332

0,928
1,332

0,927
1,333

0,926
1,334

0,926
1,334

0,925
1,335

0,924
1,336

0,924
1,336

0,923
1,337

0,923
1,337

0,922
1,338

0,921
1,339

0,920
1,340

0,920
1,340

0,920
1,340

0,919
1,341

0,918
1,342

0,917
1,343

0,917
1,343

0,916
1,344

0,916
1,344

0,915
1,345

0,914
1,346

0,914
1,346

0,913
1,347

0,912
1,348

0,912
1,348

0,911
1,349

0,910
1,350

0,910
1,350

0,909
1,351

0,909
1,351

0,908
1,352

0,907
1,353

0,906
1,354

0,906
1,354

0,905
1,355

0,905
1,355

0,904
1,356

0,903
1,357

0,903
1,357

0,902
1,358

0,901
1,359

0,901
1,359

0,900
1,360

0,900
1,360

0,899
1,361

0,898
1,362

0,898
1,362

0,897
1,363

0,896
1,364

0,896
1,364

0,895
1,365

0,895
1,365

0,894
1,366

0,893
1,367

0,892
1,368

0,892
1,368

0,891
1,369

0,891
1,369

0,890
1,370

0,889
1,371

0,889
1,371

0,888
1,372

0,888
1,372

0,887
1,373

0,886
1,374

0,886
1,374

0,885
1,375

0,884
1,376

0,884
1,376

0,883
1,377

0,882
1,378

0,882
1,378

0,881
1,379

0,881
1,379

0,880
1,380

0,879
1,381

0,879
1,381

0,878
1,382

0,877
1,383

0,877
1,383

0,876
1,384

0,875
1,385

0,875
1,385

0,803
1,18
0,53
1,386

0,794
1,35
0,45
1,386

0,791
1,42
0,40
1,387

0,787
1,49
0,36
1,388

0,785
1,54
0,33
1,388

0,783
1,58
0,30
1,389

0,780
1,63
0,27
1,390

0,779
1,66
0,25
1,390

0,777
1,69
0,23
1,391

0,776
1,72
0,20
1,392

0,775
1,74
0,19
1,392

0,774
1,76
0,17
1,393

0,773
1,77
0,17
1,393

0,773
1,78
0,15
1,394

0,772
1,80
0,13
1,395

0,772
1,80
0,13
1,395

0,772
1,80
0,12
1,396

0,771
1,82
0,10
1,397

0,771
1,81
0,11
1,397

0,772
1,80
0,10
1,398

0,772
1,80
0,9
1,399

0,772
1,79
0,10
1,399

0,773
1,78
0,9
1,400

0,774
1,76
0,10
1,400

0,774
1,75
0,10
1,401

0,775
1,74
0,9
1,402

0,776
1,72
0,10
1,402

0,778
1,68
0,11
1,403

0,779
1,66
0,11
1,404

0,781
1,62
0,13
1,404

0,783
1,58
0,14
1,405

0,786
1,52
0,16
1,406

0,788
1,48
0,18
1,406

0,792
1,40
0,21
1,407

0,795
1,33
0,25
1,407

0,804
1,15
0,33
1,408

0,851
1,409

0,851
1,409

0,850
1,410

0,849
1,411

0,849
1,411

0,848
1,412

0,847
1,413

0,847
1,413

0,846
1,414

0,846
1,414

0,845
1,415

0,844
1,416

0,844
1,416

0,843
1,417

0,842
1,418

0,842
1,418

0,842
1,418

0,842
1,418

0,842
1,418

0,843
1,417

0,844
1,416

0,847
1,413

0,850
1,410

0,853
1,407

0,856
1,404

0,859
1,401

0,862
1,398

0,865
1,395

0,868
1,392

0,871
1,389

0,874
1,386

0,877
1,383

0,879
1,381

0,883
1,377

0,885
1,375

0,889
1,371

0,891
1,369

0,895
1,365

0,897
1,363

0,901
1,359

0,903
1,357

0,907
1,353

0,909
1,351

0,913
1,347

0,915
1,345

0,918
1,342

0,920
1,340

0,924
1,336

0,926
1,334

0,930
1,330

0,933
1,327

0,936
1,324

0,939
1,321

0,942
1,318

0,945
1,315

0,948
1,312

0,951
1,309

0,953
1,307

0,957
1,303

0,959
1,301

0,962
1,298

0,964
1,296

0,968
1,292

0,970
1,290

0,974
1,286

0,976
1,284

0,980
1,280

0,982
1,278

0,986
1,274

0,989
1,271

0,992
1,268

0,995
1,265

0,998
1,262

0,1001
1,259

0,1004
1,256

0,1006
1,254

0,1009
1,251

0,1012
1,248

0,1015
1,245

0,1018
1,242

0,1021
1,239

0,1024
1,236

0,1027
1,233

0,1030
1,230

0,1033
1,227

0,1036
1,224

0,1039
1,221

0,1042
1,218

0,1046
1,214

1,4
0,1044
1,212

1,7
0,1044
1,209

1,9
0,1044
1,207

1,12
0,1045
1,203

1,15
0,1044
1,201

1,18
0,1045
1,197

1,21
0,1044
1,195

1,24
0,1045
1,191

1,27
0,1044
1,189

1,30
0,1045
1,185

1,33
0,1044
1,183

1,35
0,1046
1,179

1,39
0,1044
1,177

1,41
0,1046
1,173

1,45
0,1044
1,171

1,47
0,1045
1,168

1,51
0,1044
1,165

1,53
0,1045
1,162

1,57
0,1044
1,159

1,59
0,1045
1,156

1,62
0,1045
1,153

1,65
0,1045
1,150

1,68
0,1045
1,147

1,71
0,1045
1,144

1,74
0,1045
1,141

1,77
0,1045
1,138

1,80
0,1045
1,135

1,83
0,1045
1,132

1,86
0,1045
1,129

1,88
0,1046
1,126

1,92
0,1044
1,124

1,94
0,1046
1,120

1,98
0,1044
1,118

1,100
0,1046
1,114

1,104
0,1044
1,112

1,106
0,1046
1,108

1,109
0,1045
1,106

1,111
0,1047
1,102

1,115
0,1045
1,100

1,117
0,1047
1,96

1,121
0,1045
1,94

1,123
0,1047
1,90

1,127
0,1045
1,88

1,129
0,1046
1,85

1,133
0,1045
1,82

1,135
0,1045
1,80

1,138
0,1046
1,76

1,141
0,1045
1,74

1,144
0,1046
1,70

1,147
0,1045
1,68

1,150
0,1046
1,64

1,153
0,1045
1,62

1,156
0,1046
1,58

1,159
0,1045
1,56

1,162
0,1046
1,52

1,164
0,1046
1,50

1,168
0,1046
1,46

1,170
0,1046
1,44

1,174
0,1046
1,40

1,176
0,1046
1,38

1,180
0,1045
1,35

1,182
0,1046
1,32

1,185
0,1046
1,29

1,188
0,1046
1,26

1,191
0,1046
1,23

1,194
0,1046
1,20

1,197
0,1046
1,17

1,200
0,1046
1,14

1,203
0,1046
1,11

1,206
0,1046
1,8

1,209
0,1046
1,5

1,211
0,1046
1,3

1,214
0,1043
1,3

1,217
0,1040
1,3

1,220
0,1037
1,3

1,223
0,1034
1,3

1,226
0,1031
1,3

1,229
0,1028
1,3

1,232
0,1025
1,3

1,234
0,1023
1,3

1,237
0,1020
1,3

1,240
0,1017
1,3

1,243
0,1014
1,3

1,246
0,1011
1,3

1,249
0,1008
1,3

1,252
0,1005
1,3

1,255
0,1002
1,3

1,258
0,999
1,3

1,260
0,997
1,3

1,264
0,993
1,3

1,266
0,991
1,3

1,270
0,987
1,3

1,272
0,985
1,3

1,276
0,981
1,3

1,278
0,979
1,3

1,282
0,975
1,3

1,284
0,973
1,3

1,287
0,970
1,3

1,290
0,967
1,3

1,293
0,964
1,3

1,296
0,961
1,3

1,299
0,958
1,3

1,302
0,955
1,3

1,305
0,952
1,3

1,308
0,949
1,3

1,311
0,946
1,3

1,313
0,944
1,3

1,317
0,940
1,3

1,319
0,939
1,2

1,323
0,935
1,2

1,325
0,933
1,2

1,329
0,929
1,2

1,331
0,927
1,2

1,335
0,923
1,2

1,336
0,922
1,2

1,340
0,918
1,2

1,342
0,916
1,2

1,346
0,912
1,2

1,348
0,910
1,2

1,352
0,906
1,2

1,354
0,904
1,2

1,358
0,900
1,2

1,360
0,898
1,2

1,363
0,895
1,2

1,366
0,892
1,2

1,369
0,889
1,2

1,372
0,886
1,2

1,375
0,883
1,2

1,378
0,880
1,2

1,381
0,877
1,2

1,384
0,874
1,2

1,387
0,871
1,2

1,389
0,869
1,2

1,393
0,865
1,2

1,395
0,863
1,2

1,399
0,859
1,2

1,401
0,857
1,2

1,405
0,853
1,2

1,407
0,851
1,2

1,410
0,848
1,2

1,413
0,845
1,2

1,416
0,842
1,2

1,419
0,839
1,2

1,422
0,836
1,2

1,425
0,833
1,2

1,428
0,830
1,2

1,431
0,827
1,2

1,433
0,825
1,2

1,436
0,822
1,2

1,439
0,819
1,2

1,442
0,816
1,2

1,445
0,813
1,2

1,448
0,810
1,2

1,451
0,807
1,2

1,454
0,804
1,2

1,457
0,801
1,2

1,460
0,798
1,2

1,462
0,796
1,2

1,465
0,793
1,2

1,468
0,790
1,2

1,471
0,787
1,2

1,474
0,784
1,2

1,477
0,781
1,2

1,480
0,778
1,2

1,483
0,775
1,2

1,486
0,772
1,2

1,489
0,769
1,2

1,491
0,767
1,2

1,495
0,763
1,2

1,497
0,761
1,2

1,501
0,757
1,2

1,503
0,755
1,2

1,507
0,752
1,1

1,509
0,750
1,1

1,512
0,747
1,1

1,515
0,744
1,1

1,518
0,741
1,1

1,521
0,738
1,1

1,524
0,735
1,1

1,527
0,732
1,1

1,530
0,729
1,1

1,533
0,726
1,1

1,536
0,723
1,1

1,538
0,721
1,1

1,542
0,717
1,1

1,544
0,715
1,1

1,548
0,711
1,1

1,550
0,709
1,1

1,554
0,705
1,1

1,556
0,703
1,1

1,560
0,699
1,1

1,562
0,697
1,1

1,565
0,694
1,1

1,567
0,692
1,1

1,571
0,688
1,1

1,573
0,686
1,1

1,577
0,682
1,1

1,580
0,679
1,1

1,583
0,676
1,1

1,586
0,673
1,1

1,588
0,671
1,1

1,591
0,668
1,1

1,594
0,172
1,494

1,597
0,3
1,660

1,1260

