1,960

1,960

1,960

1,960

1,960

1,960

1,960

1,960

1,960

1,960

1,960

1,960

1,960

1,960

1,960

1,960

1,960

1,960

1,960

1,960

1,960

1,960

1,960

1,960

1,960

1,960

1,960

1,960

1,960

1,960

1,960

1,960

1,960

1,960

1,960

1,960

1,960

1,960

1,960

1,960

1,960

1,960

1,960

1,960

1,960

1,960

1,960

1,960

1,960

1,960

1,960

1,960

1,960

1,960

1,960

1,960

1,960

1,960

1,960

1,960

1,960

1,960

1,960

1,960

1,960

1,960

1,960

1,960

1,960

1,960

1,960

1,960

1,960

1,960

1,960

1,960

1,960

1,960

1,960

1,960

1,960

1,960

1,960

1,960

1,960

1,960

1,960

1,960

1,960

1,960

1,960

1,960

1,960

1,960

1,960

1,960

1,960

1,960

1,960

1,960

1,960

1,960

1,960

1,960

1,960

1,960

1,960

1,960

1,960

1,960

1,960

1,960

1,960

1,960

1,960

1,960

1,960

1,960

1,960

1,960

1,960

1,960

1,960

1,960

1,960

1,960

1,960

1,960

1,960

1,960

1,960

1,960

1,960

1,960

1,960

1,960

1,960

1,960

1,960

1,960

1,960

1,960

1,960

1,960

1,960

1,960

1,960

1,960

1,960

1,960

1,960

1,960

1,960

1,960

1,960

1,960

1,960

1,960

1,960

1,960

1,960

1,960

1,960

1,960

1,960

1,960

1,960

1,960

1,960

1,960

1,960

1,960

1,960

1,960

1,960

1,960

1,960

1,960

1,960

1,960

1,960

1,960

1,960

1,960

1,960

1,960

1,960

1,960

1,960

1,960

1,960

1,960

1,960

1,960

1,960

1,960

1,960

1,960

1,960

1,960

1,960

1,960

1,960

1,960

1,960

1,960

1,960

1,960

1,960

1,960

1,960

1,960

1,960

1,960

1,960

1,960

1,960

1,960

1,960

1,960

1,960

1,960

1,960

1,960

1,960

1,960

1,960

1,960

1,960

1,960

1,960

1,960

1,960

1,960

1,960

1,960

1,960

1,960

1,960

1,960

1,960

1,960

1,960

1,960

1,960

1,960

1,960

1,960

1,960

1,960

1,960

1,960

1,960

1,960

1,960

1,960

1,960

1,960

1,960

1,960

1,960

1,960

1,960

1,960

1,960

1,960

1,960

1,960

1,960

1,960

1,960

1,960

1,960

1,960

1,960

1,960

1,960

1,960

1,960

1,960

1,960

1,960

1,960

1,960

1,960

1,960

1,960

1,960

1,960

1,960

1,960

1,960

1,960

1,960

1,960

1,960

1,960

1,960

1,960

1,960

1,960

1,960

1,960

1,960

1,960

1,960

1,960

1,960

1,960

1,496
0,60
1,404

1,494
0,62
1,404

1,493
0,63
1,404

1,491
0,65
1,404

1,490
0,66
1,404

1,488
0,68
1,404

1,364
0,67
1,56
0,69
1,404

1,363
0,68
1,54
0,71
1,404

1,361
0,70
1,52
0,73
1,404

1,359
0,72
1,51
0,74
1,404

1,358
0,73
1,49
0,76
1,404

1,356
0,75
1,48
0,77
1,404

1,354
0,77
1,46
0,79
1,404

1,353
0,78
1,45
0,81
1,403

1,349
0,82
1,43
0,83
1,403

1,203
0,227
1,43
0,84
1,403

1,203
0,227
1,41
0,86
1,403

1,203
0,228
1,39
0,88
1,158
0,22
1,222

1,203
0,541
1,216

1,203
0,539
1,218

1,203
0,538
1,219

1,203
0,537
1,220

1,203
0,535
1,222

1,203
0,534
1,223

1,203
0,533
1,224

1,203
0,531
1,226

1,203
0,530
1,227

1,203
0,529
1,228

1,203
0,527
1,230

1,203
0,526
1,231

1,203
0,525
1,232

1,203
0,524
1,233

1,203
0,522
1,112
0,2
1,121

1,203
0,521
1,112
0,3
1,121

1,202
0,521
1,111
0,5
1,121

1,203
0,518
1,112
0,6
1,121

1,202
0,518
1,112
0,7
1,121

1,201
0,518
1,111
0,9
1,121

1,200
0,518
1,111
0,10
1,121

1,199
0,518
1,111
0,11
1,121

1,198
0,519
1,109
0,13
1,121

1,197
0,521
1,107
0,14
1,121

1,163
0,1
1,31
0,644
1,121

1,162
0,2
1,30
0,645
1,121

1,161
0,3
1,29
0,646
1,121

1,159
0,5
1,28
0,647
1,121

1,158
0,6
1,26
0,649
1,121

1,156
0,8
1,25
0,650
1,121

1,155
0,9
1,24
0,651
1,121

1,154
0,10
1,23
0,652
1,121

1,152
0,13
1,20
0,654
1,121

1,151
0,688
1,121

1,149
0,690
1,121

1,148
0,691
1,121

1,147
0,692
1,121

1,145
0,694
1,121

1,144
0,695
1,121

1,143
0,696
1,121

1,30
0,809
1,121

1,30
0,809
1,121

1,30
0,809
1,121

1,30
0,808
1,122

1,30
0,808
1,122

1,30
0,807
1,123

1,30
0,806
1,124

1,30
0,806
1,124

1,30
0,805
1,125

1,30
0,805
1,125

1,30
0,804
1,126

1,30
0,804
1,126

1,30
0,803
1,127

1,30
0,803
1,127

1,30
0,802
1,128

1,30
0,801
1,129

1,30
0,801
1,129

1,30
0,800
1,130

1,30
0,800
1,130

1,30
0,799
1,131

1,30
0,799
1,131

1,30
0,798
1,132

1,30
0,797
1,133

1,30
0,797
1,133

1,30
0,796
1,134

1,30
0,796
1,134

1,30
0,795
1,135

1,30
0,795
1,135

1,30
0,794
1,136

1,30
0,794
1,136

1,30
0,794
1,136

1,30
0,796
1,134

1,30
0,797
1,133

1,30
0,798
1,132

1,30
0,800
1,130

1,30
0,801
1,129

1,30
0,802
1,128

1,30
0,804
1,126

1,30
0,805
1,125

1,30
0,806
1,124

1,30
0,807
1,123

1,30
0,809
1,121

1,30
0,810
1,120

1,30
0,811
1,119

1,30
0,813
1,117

1,30
0,814
1,116

1,30
0,815
1,115

1,30
0,816
1,114

1,30
0,818
1,112

1,30
0,819
1,111

1,30
0,820
1,110

1,30
0,821
1,109

1,30
0,823
1,107

1,30
0,824
1,106

1,30
0,825
1,105

1,30
0,827
1,103

1,30
0,828
1,102

1,30
0,829
1,101

1,30
0,830
1,100

1,30
0,832
1,98

1,30
0,833
1,97

1,30
0,834
1,96

1,30
0,836
1,94

1,30
0,837
1,93

1,30
0,838
1,92

1,30
0,839
1,91

1,30
0,841
1,89

1,30
0,842
1,88

1,30
0,843
1,87

1,30
0,844
1,86

1,30
0,846
1,84

1,30
0,847
1,83

1,30
0,848
1,82

1,30
0,850
1,52
0,1
1,27

1,30
0,851
1,50
0,3
1,26

1,30
0,852
1,47
0,6
1,25

1,30
0,853
1,45
0,9
1,23

1,30
0,855
1,42
0,11
1,22

1,30
0,856
1,40
0,13
1,21

1,30
0,857
1,37
0,17
1,19

1,30
0,858
1,35
0,19
1,18

1,30
0,860
1,32
0,21
1,17

1,30
0,861
1,30
0,23
1,16

1,30
0,862
1,27
0,27
1,14

1,30
0,864
1,24
0,29
1,13

1,30
0,865
1,22
0,31
1,12

1,30
0,866
1,20
0,34
1,10

1,50
0,847
1,17
0,37
1,9

1,51
0,848
1,14
0,39
1,8

1,52
0,848
1,12
0,41
1,7

1,51
0,850
1,10
0,44
1,5

1,50
0,853
1,6
0,47
1,4

1,49
0,855
1,4
0,49
1,3

1,48
0,910
1,2

1,47
0,885
1,20
0,6
1,2

1,46
0,871
1,35
0,6
1,2

1,44
0,872
1,37
0,5
1,2

1,43
0,873
1,37
0,5
1,2

1,42
0,873
1,38
0,5
1,2

1,40
0,875
1,38
0,5
1,2

1,39
0,876
1,38
0,5
1,2

1,38
0,877
1,38
0,5
1,2

1,37
0,878
1,38
0,5
1,2

1,35
0,880
1,38
0,5
1,2

1,34
0,881
1,38
0,5
1,2

1,33
0,882
1,38
0,5
1,2

1,32
0,883
1,39
0,4
1,2

1,29
0,886
1,39
0,4
1,2

1,14
0,901
1,38
0,5
1,2

1,13
0,903
1,37
0,5
1,2

1,12
0,905
1,35
0,6
1,2

1,10
0,908
1,27
0,13
1,2

1,9
0,914
1,3
0,2
1,2
0,28
1,2

1,8
0,950
1,2

1,6
0,952
1,2

1,5
0,953
1,2

1,4
0,954
1,2

1,3
0,955
1,2

1,2
0,956
1,2

1,2
0,956
1,2

1,2
0,956
1,2

1,2
0,956
1,2

1,2
0,956
1,2

1,2
0,956
1,2

1,2
0,956
1,2

1,2
0,956
1,2

1,2
0,956
1,2

1,2
0,956
1,2

1,2
0,956
1,2

1,2
0,956
1,2

1,2
0,956
1,2

1,2
0,956
1,2

1,2
0,956
1,2

1,2
0,956
1,2

1,2
0,956
1,2

1,2
0,956
1,2

1,2
0,956
1,2

1,2
0,956
1,2

1,2
0,956
1,2

1,2
0,956
1,2

1,2
0,956
1,2

1,2
0,956
1,2

1,2
0,956
1,2

1,2
0,956
1,2

1,2
0,956
1,2

1,2
0,956
1,2

1,2
0,956
1,2

1,2
0,956
1,2

1,2
0,956
1,2

1,2
0,956
1,2

1,2
0,956
1,2

1,2
0,956
1,2

1,2
0,956
1,2

1,2
0,956
1,2

1,2
0,956
1,2

1,2
0,956
1,2

1,2
0,956
1,2

1,2
0,956
1,2

1,2
0,956
1,2

1,2
0,956
1,2

1,2
0,219
1,1
0,736
1,2

1,2
0,216
1,542
0,198
1,2

1,2
0,215
1,544
0,197
1,2

1,2
0,214
1,546
0,196
1,2

1,2
0,212
1,547
0,197
1,2

1,2
0,211
1,547
0,198
1,2

1,2
0,209
1,548
0,199
1,2

1,2
0,208
1,548
0,200
1,2

1,2
0,207
1,548
0,201
1,2

1,2
0,205
1,548
0,203
1,2

1,2
0,204
1,548
0,204
1,2

1,2
0,203
1,548
0,205
1,2

1,2
0,201
1,548
0,207
1,2

